Mutation Types	BLCA-US_SP1003	BLCA-US_SP1009	BLCA-US_SP1059	BLCA-US_SP1086	BLCA-US_SP1114	BLCA-US_SP1132	BLCA-US_SP1144	BLCA-US_SP1174	BLCA-US_SP1305	BLCA-US_SP1365	BLCA-US_SP1377	BLCA-US_SP1419	BLCA-US_SP1431	BLCA-US_SP1491	BLCA-US_SP1677	BLCA-US_SP1712	BLCA-US_SP1724	BLCA-US_SP1781	BLCA-US_SP953	BLCA-US_SP96136	BLCA-US_SP963	BLCA-US_SP967	BLCA-US_SP975
A[C>A]A	203	237	889	198	153	511	138	202	570	177	63	188	70	118	161	63	88	157	284	272	117	58	273
A[C>A]C	116	123	524	114	133	433	93	100	433	149	36	147	49	88	104	53	60	84	180	224	77	46	153
A[C>A]G	38	15	147	38	44	52	24	20	96	16	11	19	9	23	49	8	15	18	71	53	44	10	39
A[C>A]T	129	124	612	122	94	277	64	121	374	118	39	146	32	79	107	31	43	77	180	156	54	33	179
A[C>G]A	96	98	421	83	46	128	73	86	312	64	42	97	26	76	95	31	45	139	166	225	108	22	205
A[C>G]C	39	45	192	37	33	106	34	49	187	45	17	60	15	27	43	27	21	48	64	132	43	8	99
A[C>G]G	20	8	73	18	14	25	17	21	55	14	6	18	1	16	11	5	6	13	33	43	17	4	89
A[C>G]T	87	88	429	102	62	105	69	79	256	86	49	98	43	74	91	29	41	140	167	227	108	20	176
A[C>T]A	265	181	663	254	240	371	250	218	728	162	109	176	78	226	374	96	145	227	487	627	271	54	395
A[C>T]C	123	99	310	126	149	288	100	97	448	94	57	116	39	136	163	47	59	111	238	335	147	29	197
A[C>T]G	252	212	249	307	215	341	951	367	446	348	273	456	220	249	309	215	191	342	396	409	308	304	590
A[C>T]T	189	150	431	201	166	343	124	144	587	128	82	169	69	174	204	49	85	140	294	412	192	29	303
A[T>A]A	104	72	607	122	111	179	62	75	326	102	53	87	38	88	100	27	62	64	165	199	54	34	141
A[T>A]C	55	58	233	51	51	84	40	52	180	66	27	62	24	56	51	28	21	41	90	128	35	18	95
A[T>A]G	100	43	381	80	88	100	51	53	250	64	28	83	19	53	74	30	26	49	113	140	60	25	102
A[T>A]T	132	114	511	132	120	190	70	129	355	127	82	151	71	160	111	51	58	125	205	211	112	54	210
A[T>C]A	474	203	1417	626	759	624	268	144	1944	138	182	176	126	455	699	85	211	217	1005	1133	396	85	600
A[T>C]C	69	49	227	77	52	87	43	62	372	49	49	86	32	109	60	22	32	58	99	312	60	19	229
A[T>C]G	234	123	773	291	381	260	152	90	1130	99	107	120	74	293	319	48	93	111	406	635	179	43	386
A[T>C]T	249	201	830	299	289	360	153	150	984	145	134	188	80	323	303	94	115	143	373	652	198	57	476
A[T>G]A	25	38	147	36	27	60	17	31	176	33	26	43	13	38	26	11	17	20	58	116	29	10	115
A[T>G]C	12	18	57	17	7	27	7	22	65	21	7	24	6	30	18	5	8	19	24	44	19	6	63
A[T>G]G	20	48	147	40	18	25	25	38	175	23	6	50	10	35	23	6	12	14	47	92	22	10	96
A[T>G]T	43	60	164	74	44	67	45	53	212	44	51	42	28	117	39	19	16	46	70	202	39	16	219
C[C>A]A	213	156	1068	200	220	343	141	206	524	135	80	145	43	153	180	54	97	160	351	281	140	37	218
C[C>A]C	167	97	831	144	174	301	133	88	412	93	57	117	45	67	134	13	88	132	219	260	90	37	151
C[C>A]G	51	28	194	46	53	58	41	26	100	20	14	16	7	30	57	5	20	32	71	47	44	3	36
C[C>A]T	158	129	885	145	168	295	114	136	358	101	41	143	38	96	126	39	73	108	279	222	93	44	181
C[C>G]A	85	57	365	67	37	137	61	65	315	59	23	70	22	65	112	32	47	175	125	244	112	9	193
C[C>G]C	47	49	223	45	52	97	35	50	294	40	17	55	23	73	48	11	28	40	80	168	35	9	171
C[C>G]G	30	24	133	30	26	23	28	22	142	14	9	19	7	59	22	8	12	15	39	189	24	3	260
C[C>G]T	123	75	425	86	69	144	98	74	387	89	52	93	35	97	133	45	82	186	177	321	132	8	202
C[C>T]A	398	214	750	324	391	314	309	214	748	151	135	197	108	259	589	134	220	430	822	814	461	38	373
C[C>T]C	238	168	456	289	360	368	177	170	620	101	116	138	106	229	397	94	118	236	507	484	265	46	256
C[C>T]G	218	154	294	244	220	259	834	310	329	275	168	349	182	178	269	129	147	312	389	402	273	185	420
C[C>T]T	354	199	766	363	470	419	296	205	846	159	182	192	119	283	565	112	204	258	699	728	445	56	408
C[T>A]A	85	42	549	72	96	159	34	44	181	46	14	60	10	36	71	17	29	30	106	115	53	16	94
C[T>A]C	60	48	394	62	55	63	47	55	196	68	21	71	17	33	52	10	17	32	93	92	36	15	101
C[T>A]G	106	38	600	103	123	134	56	43	283	62	21	56	17	50	74	16	39	52	132	135	49	17	109
C[T>A]T	96	73	645	91	106	147	71	79	257	96	20	115	12	40	60	17	43	42	132	102	46	22	134
C[T>C]A	190	58	601	186	319	233	78	67	666	54	48	85	21	107	202	28	64	67	388	328	134	21	216
C[T>C]C	50	50	278	57	59	113	60	82	268	41	26	74	20	72	43	22	28	40	92	163	29	21	181
C[T>C]G	114	51	400	111	158	148	67	71	525	65	40	78	31	111	111	25	38	45	161	276	75	18	225
C[T>C]T	121	72	554	130	146	202	117	99	476	89	36	96	30	91	101	33	43	58	236	269	89	29	193
C[T>G]A	25	31	123	35	7	45	16	23	183	14	14	37	8	32	20	5	4	16	48	108	25	10	134
C[T>G]C	22	31	85	18	8	27	20	30	123	22	10	24	9	35	12	8	8	12	31	103	16	7	84
C[T>G]G	22	31	217	47	31	47	27	39	194	25	17	50	9	34	22	10	18	16	50	146	42	10	124
C[T>G]T	43	41	340	70	23	45	95	152	320	95	26	66	25	88	27	9	12	37	112	344	40	27	263
G[C>A]A	150	138	517	136	114	379	148	293	350	96	49	121	61	65	105	47	53	95	282	180	111	56	137
G[C>A]C	105	107	411	77	98	326	77	100	368	64	33	82	31	46	81	39	48	79	155	193	63	23	112
G[C>A]G	34	24	101	39	47	76	36	22	79	21	11	15	12	13	49	10	23	15	54	33	25	6	30
G[C>A]T	97	108	387	105	79	389	91	151	242	72	33	113	43	59	85	33	39	67	203	140	95	32	115
G[C>G]A	35	24	224	40	32	146	37	41	143	44	17	42	12	35	44	15	21	52	62	83	47	7	74
G[C>G]C	34	39	175	38	23	86	24	25	153	37	13	45	11	44	39	5	10	43	67	93	35	11	87
G[C>G]G	12	10	55	17	9	26	13	11	41	10	5	11	5	9	12	2	13	7	26	28	16	0	29
G[C>G]T	56	52	262	47	29	88	43	51	142	46	27	48	21	32	58	20	22	80	98	152	66	7	106
G[C>T]A	196	161	508	158	152	453	164	165	498	118	100	172	72	159	258	102	122	265	302	486	225	29	244
G[C>T]C	185	132	369	161	144	377	146	151	406	85	115	133	86	201	176	86	96	221	220	395	166	45	191
G[C>T]G	205	183	226	252	162	307	672	344	301	288	242	439	229	191	237	193	155	378	335	297	222	271	411
G[C>T]T	196	128	424	190	188	534	163	171	468	131	142	158	117	192	184	88	101	207	232	407	225	47	207
G[T>A]A	58	31	322	50	61	90	44	24	186	38	13	39	7	31	42	9	22	20	86	85	28	6	76
G[T>A]C	35	26	176	22	30	46	23	34	139	32	9	32	7	30	25	2	11	20	39	77	16	9	64
G[T>A]G	71	21	344	74	64	58	30	21	210	41	11	52	11	28	47	10	23	23	73	106	22	11	76
G[T>A]T	58	46	333	48	55	94	23	49	214	62	15	74	8	41	41	14	21	28	89	91	23	9	86
G[T>C]A	164	72	546	195	275	308	109	103	935	68	71	85	49	160	216	41	54	106	307	541	139	54	261
G[T>C]C	40	32	147	42	38	64	37	62	257	47	30	62	21	71	40	15	34	32	63	223	36	38	149
G[T>C]G	85	57	307	89	96	101	117	74	438	56	38	68	27	100	99	22	34	49	123	292	78	22	159
G[T>C]T	104	86	392	123	127	176	70	105	535	58	62	107	28	156	112	41	50	67	173	361	92	46	188
G[T>G]A	18	19	86	18	9	26	16	18	122	21	3	23	3	17	11	5	7	13	21	54	10	4	59
G[T>G]C	11	15	43	18	5	13	8	19	68	11	2	16	2	10	6	4	8	13	16	38	5	6	25
G[T>G]G	24	27	160	36	23	39	22	27	148	40	11	55	8	21	23	8	10	20	41	81	21	11	59
G[T>G]T	26	23	156	36	11	21	38	68	135	48	15	39	11	28	19	14	9	27	51	150	32	13	84
T[C>A]A	637	381	1664	330	214	346	449	279	561	222	294	212	231	216	702	235	377	1052	849	1041	953	51	299
T[C>A]C	343	289	1125	206	179	308	235	193	548	147	150	164	107	143	339	114	180	471	430	534	427	35	229
T[C>A]G	106	59	209	43	34	47	45	46	71	30	21	32	23	25	87	21	46	76	83	85	78	10	33
T[C>A]T	532	329	1275	328	182	414	311	356	566	210	215	267	178	184	443	177	241	620	690	700	592	102	320
T[C>G]A	2651	940	4439	879	355	417	1774	841	640	399	1303	633	810	469	3288	1254	1669	6136	3675	4223	4798	19	371
T[C>G]C	601	253	1202	219	91	149	413	221	316	140	264	188	204	136	692	270	345	1358	816	935	980	12	206
T[C>G]G	195	64	296	47	17	31	54	83	95	29	56	36	29	18	127	52	103	276	166	228	160	6	124
T[C>G]T	3463	1334	6002	1212	494	519	2326	987	650	559	1535	815	1146	508	4164	1599	2178	7155	4166	5036	5751	41	438
T[C>T]A	4023	1620	6084	1126	667	642	3089	1170	1210	615	1016	893	1541	1034	6194	1724	2438	7825	4751	10025	6880	127	927
T[C>T]C	903	403	1427	430	246	423	697	375	723	213	254	297	361	335	1392	373	546	1443	1140	2200	1384	66	459
T[C>T]G	608	273	794	269	147	212	677	342	289	217	275	328	283	218	709	257	331	847	553	1251	829	177	330
T[C>T]T	2132	889	3084	734	454	601	1538	745	1276	372	537	600	755	618	3166	785	1327	3306	2300	5427	3436	94	635
T[T>A]A	143	76	613	164	109	180	64	114	311	88	69	169	50	82	92	57	54	121	209	229	77	55	201
T[T>A]C	60	62	247	52	39	57	41	54	195	49	22	49	6	40	25	10	14	21	80	104	36	12	108
T[T>A]G	53	40	284	68	70	92	34	33	228	32	19	45	13	42	51	11	28	26	93	112	38	5	93
T[T>A]T	123	119	595	106	94	169	75	99	342	128	46	129	37	94	78	32	50	90	181	198	90	31	209
T[T>C]A	217	107	694	256	306	331	129	101	830	92	71	93	42	203	292	43	74	99	440	475	166	41	335
T[T>C]C	60	57	213	97	52	112	40	83	238	56	43	98	29	80	52	24	29	42	110	202	46	26	177
T[T>C]G	74	55	273	125	112	131	115	65	423	76	28	52	31	116	138	22	29	56	164	229	75	21	150
T[T>C]T	164	119	507	157	148	248	90	119	520	102	71	134	51	179	149	46	60	87	210	335	135	37	242
T[T>G]A	52	32	209	50	31	66	28	41	243	43	25	55	17	61	32	12	13	24	51	183	31	8	196
T[T>G]C	23	36	85	32	7	34	17	30	146	26	9	34	15	37	10	6	7	19	35	93	18	9	120
T[T>G]G	34	57	168	42	24	84	28	45	242	49	17	51	12	34	32	10	21	28	72	137	28	13	144
T[T>G]T	103	104	384	106	37	90	93	155	479	104	67	120	46	151	72	33	37	93	151	372	59	34	399
