Mutation Types	BOCA-UK_SP116406	BOCA-UK_SP116412	BOCA-UK_SP116431	BOCA-UK_SP116434	BOCA-UK_SP116437	BOCA-UK_SP116453	BOCA-UK_SP116456	BOCA-UK_SP116459	BOCA-UK_SP116462	BOCA-UK_SP116465	BOCA-UK_SP116469	BOCA-UK_SP116472	BOCA-UK_SP116475	BOCA-UK_SP116478	BOCA-UK_SP116481	BOCA-UK_SP116484	BOCA-UK_SP116487	BOCA-UK_SP116490	BOCA-UK_SP116496	BOCA-UK_SP116509	BOCA-UK_SP116512	BOCA-UK_SP116518	BOCA-UK_SP116520	BOCA-UK_SP116523	BOCA-UK_SP116525	BOCA-UK_SP116528	BOCA-UK_SP116531	BOCA-UK_SP116534	BOCA-UK_SP116578	BOCA-UK_SP116582	BOCA-UK_SP116586	BOCA-UK_SP116589	BOCA-UK_SP116593	BOCA-UK_SP116596	BOCA-UK_SP116599
A[C>A]A	57	40	154	7	28	49	42	137	51	40	68	92	58	55	54	27	40	104	136	96	91	295	107	57	115	105	25	47	100	115	84	144	55	158	67
A[C>A]C	39	33	132	5	18	30	13	70	22	34	58	81	40	68	31	15	30	93	92	50	76	187	81	27	53	73	19	20	69	88	70	130	54	103	48
A[C>A]G	9	8	12	1	3	7	6	14	6	7	8	18	3	11	7	6	5	11	26	7	17	40	15	4	7	14	3	3	14	7	8	24	9	25	6
A[C>A]T	46	29	105	2	18	43	26	94	27	28	49	89	39	42	61	27	29	105	115	49	105	330	123	37	85	72	19	41	91	62	88	160	57	133	48
A[C>G]A	45	24	58	2	13	20	22	76	11	23	27	74	29	34	44	16	24	60	88	57	54	125	50	39	49	47	10	11	58	56	36	103	31	75	29
A[C>G]C	13	17	26	1	5	14	15	24	3	11	15	41	24	28	22	6	16	31	67	30	34	55	48	37	20	24	4	7	29	30	24	54	13	42	18
A[C>G]G	3	3	22	1	3	4	7	8	6	6	5	12	10	9	2	3	2	10	17	9	24	35	6	5	4	12	3	6	21	4	9	16	7	14	9
A[C>G]T	33	39	53	1	6	27	23	42	13	22	18	59	35	44	42	14	13	39	117	50	90	120	74	34	27	50	16	13	54	62	32	76	20	77	25
A[C>T]A	57	54	148	9	41	75	90	104	35	42	71	94	50	98	64	40	44	88	139	417	84	280	137	58	129	108	33	41	116	152	76	163	81	133	58
A[C>T]C	22	23	63	11	22	37	16	50	15	16	39	43	25	42	25	23	17	38	69	382	37	96	56	27	54	41	14	15	56	59	28	73	40	76	25
A[C>T]G	79	47	107	20	70	107	77	116	42	44	78	67	58	91	80	60	55	81	113	107	65	141	72	167	202	172	39	32	98	172	60	115	40	133	124
A[C>T]T	69	25	92	9	31	45	65	93	23	27	38	58	40	73	58	21	29	76	101	133	89	223	91	33	62	57	36	30	76	120	55	143	61	122	32
A[T>A]A	27	35	87	3	19	26	19	50	18	18	23	44	27	32	26	23	9	42	75	46	69	92	56	40	38	63	10	13	43	63	33	79	20	54	20
A[T>A]C	13	14	48	5	7	24	17	31	8	9	20	27	20	33	11	12	5	33	40	26	34	67	34	16	37	25	9	14	38	38	35	69	24	49	19
A[T>A]G	22	24	50	4	18	36	21	36	17	9	19	31	23	41	13	10	14	58	64	34	72	107	59	17	53	32	16	14	40	53	34	92	20	51	17
A[T>A]T	33	28	62	5	15	55	33	59	22	24	26	63	36	51	32	17	19	62	76	47	89	199	72	55	61	62	16	33	53	88	51	108	32	66	32
A[T>C]A	41	29	134	4	28	49	72	83	20	45	49	91	48	78	31	26	19	55	182	67	84	170	79	80	101	125	24	21	103	105	63	130	49	104	49
A[T>C]C	25	19	52	4	11	13	37	59	13	7	23	47	33	41	36	10	11	48	84	36	59	143	52	27	27	42	9	6	48	50	45	84	35	54	14
A[T>C]G	15	21	62	4	20	29	23	55	20	26	30	48	35	33	27	17	11	43	126	48	62	124	56	38	74	65	11	9	77	75	41	103	36	67	20
A[T>C]T	39	26	119	7	32	48	38	60	35	33	38	96	52	60	46	17	22	83	136	66	96	203	87	88	75	94	25	23	108	119	68	139	65	112	43
A[T>G]A	8	23	21	6	9	10	11	10	5	8	10	39	12	14	8	2	11	22	59	17	35	76	22	18	14	34	4	11	23	19	16	36	15	21	9
A[T>G]C	8	5	16	1	1	2	3	7	2	2	10	18	4	12	6	1	4	9	30	12	14	44	9	15	3	17	4	2	15	11	8	20	7	16	4
A[T>G]G	10	15	25	3	4	10	14	29	6	7	11	32	7	22	18	4	10	34	47	27	40	77	27	12	14	21	6	14	33	22	24	40	18	39	12
A[T>G]T	13	16	132	2	3	7	15	37	8	14	15	116	17	16	10	4	10	24	154	58	37	110	31	26	11	20	4	10	40	43	14	21	27	46	10
C[C>A]A	44	32	175	3	32	46	31	74	36	28	40	108	59	64	60	26	30	131	138	63	109	253	95	46	102	67	18	28	104	100	48	162	42	131	38
C[C>A]C	42	41	96	8	8	34	11	60	19	16	49	68	33	42	39	15	27	85	108	44	117	181	86	25	53	56	16	12	63	53	53	179	29	96	39
C[C>A]G	7	3	19	1	3	11	10	14	6	0	6	19	8	11	3	4	4	15	21	20	18	27	11	4	13	10	1	3	14	9	6	21	4	12	11
C[C>A]T	50	41	144	9	18	49	30	118	32	31	108	82	52	60	52	16	29	106	97	43	118	331	93	57	77	74	11	25	92	100	57	216	40	150	37
C[C>G]A	22	23	75	0	4	12	8	35	8	12	19	34	20	33	29	8	5	28	61	57	28	99	45	14	21	32	2	6	41	58	25	64	20	57	7
C[C>G]C	11	12	36	0	3	14	5	29	7	10	19	34	23	10	12	8	15	42	61	40	31	68	44	19	16	25	5	11	43	36	30	54	26	26	10
C[C>G]G	3	4	21	0	5	2	1	3	4	2	5	10	6	2	5	1	2	10	6	9	10	15	5	2	6	5	1	4	6	6	3	7	4	8	7
C[C>G]T	23	23	66	1	10	12	12	42	15	21	23	54	34	37	32	6	13	42	110	64	58	114	45	20	43	44	2	18	53	61	32	75	33	62	21
C[C>T]A	37	36	127	16	18	55	38	90	28	27	46	62	48	65	70	19	19	65	132	440	43	184	87	35	90	74	17	15	88	116	53	107	69	107	32
C[C>T]C	27	25	118	7	10	33	23	58	18	21	123	70	31	49	34	16	25	54	94	367	42	139	71	31	82	75	19	24	76	97	44	143	50	64	22
C[C>T]G	53	44	87	18	33	47	65	86	33	35	63	58	51	65	57	23	32	58	102	97	48	98	34	88	100	110	37	24	72	99	46	81	36	95	74
C[C>T]T	39	33	154	8	22	43	51	88	25	32	90	73	46	99	64	28	21	72	155	186	94	230	107	44	113	86	31	38	106	154	67	196	61	103	54
C[T>A]A	24	20	119	2	7	17	15	23	10	11	13	33	14	22	15	3	16	41	56	28	48	100	54	17	32	27	14	10	41	39	32	95	25	61	15
C[T>A]C	24	23	85	3	6	29	14	54	13	18	25	46	34	37	23	8	12	54	82	50	73	157	61	17	33	33	12	12	45	50	42	169	31	77	34
C[T>A]G	29	25	69	9	9	30	22	36	14	15	23	37	25	40	18	14	13	36	84	39	63	148	63	23	37	49	10	10	47	66	62	151	27	70	20
C[T>A]T	41	46	161	3	10	40	23	73	18	31	37	105	41	48	35	13	17	83	103	56	138	303	105	28	51	53	11	24	80	60	63	249	49	117	22
C[T>C]A	21	20	90	0	14	16	65	50	14	24	35	48	17	47	25	10	13	50	98	69	54	97	58	34	22	45	9	12	51	62	30	97	28	64	19
C[T>C]C	36	44	149	5	16	33	23	97	21	43	22	127	44	44	64	11	30	72	178	97	121	250	129	38	41	82	9	19	75	115	77	209	62	111	26
C[T>C]G	18	23	89	3	13	20	25	46	11	25	27	80	23	37	25	9	13	42	145	83	60	126	62	44	21	53	11	12	52	84	39	112	30	74	19
C[T>C]T	21	34	209	1	6	35	26	65	14	44	62	192	40	69	37	8	24	69	289	96	83	192	73	47	51	72	9	18	63	103	44	116	68	127	27
C[T>G]A	6	4	54	1	4	5	2	8	5	6	6	13	8	8	4	3	4	14	31	17	18	39	9	13	5	12	4	3	12	21	6	33	7	21	2
C[T>G]C	4	6	71	1	2	5	8	12	5	4	6	49	10	7	8	4	7	14	56	18	18	79	21	11	12	19	2	2	22	20	12	25	19	44	8
C[T>G]G	23	20	56	3	9	12	5	25	9	11	13	47	17	20	12	4	9	37	62	20	46	86	28	12	14	26	5	14	32	37	24	41	17	39	10
C[T>G]T	14	27	664	5	4	16	12	89	16	40	20	506	21	32	21	4	14	36	602	81	59	404	70	32	18	21	3	19	80	130	12	60	69	137	11
G[C>A]A	41	31	149	2	12	25	26	121	44	29	61	61	62	43	72	10	31	165	75	67	66	190	76	40	81	46	9	34	72	76	41	136	55	102	29
G[C>A]C	20	15	90	4	11	19	15	44	17	15	71	47	38	22	14	11	11	46	69	36	45	129	45	17	30	37	11	15	45	39	33	117	30	81	22
G[C>A]G	4	1	18	0	2	2	2	10	7	3	2	7	6	4	2	1	3	12	13	3	9	24	6	2	6	4	4	2	7	4	3	10	6	17	0
G[C>A]T	24	27	101	4	9	28	8	85	24	22	41	67	38	32	36	6	19	131	72	53	60	164	75	30	55	42	6	26	65	62	34	132	40	71	26
G[C>G]A	6	12	40	1	4	10	11	21	8	8	11	28	8	20	13	3	13	27	35	28	23	43	18	13	13	20	9	7	31	19	13	43	13	41	15
G[C>G]C	8	12	43	2	10	10	14	20	6	6	18	35	12	19	8	3	5	29	76	18	23	50	26	9	15	15	6	6	22	24	15	72	9	36	6
G[C>G]G	1	2	6	0	2	2	5	1	2	3	1	5	1	4	1	1	3	8	9	4	7	7	3	2	5	6	3	2	10	4	4	7	3	8	2
G[C>G]T	12	15	30	1	4	11	14	36	7	17	16	47	22	18	20	6	9	41	54	27	35	71	49	17	23	25	4	12	44	39	23	68	19	31	14
G[C>T]A	25	22	126	5	15	32	31	61	24	31	42	73	42	46	33	23	18	56	95	203	46	134	75	31	74	66	16	14	53	93	35	111	28	80	25
G[C>T]C	36	21	112	4	10	34	33	57	29	22	55	50	34	46	32	17	15	41	79	239	46	107	46	25	59	52	18	13	60	91	39	98	35	55	34
G[C>T]G	67	54	91	16	49	63	54	105	40	39	60	63	50	67	71	21	36	78	92	70	53	145	64	96	119	138	48	31	72	139	52	109	43	106	71
G[C>T]T	39	24	97	7	9	31	29	54	21	13	43	47	24	57	34	17	18	57	90	90	52	175	67	29	78	54	13	20	60	91	44	130	27	65	33
G[T>A]A	11	9	65	3	5	13	13	29	5	8	22	34	13	18	13	5	9	21	41	22	24	61	24	15	23	21	0	6	32	20	25	45	13	28	19
G[T>A]C	7	6	28	2	2	16	11	16	7	15	13	29	15	16	10	3	9	18	31	13	25	59	26	13	15	23	7	4	21	25	12	41	13	32	8
G[T>A]G	11	13	38	4	7	14	24	25	11	15	23	28	14	23	15	5	4	27	42	20	50	87	44	12	16	24	3	17	26	37	34	79	15	49	8
G[T>A]T	25	34	98	4	13	25	15	51	11	14	23	59	24	40	20	11	11	46	51	28	72	153	66	19	31	30	5	25	55	43	48	122	35	76	16
G[T>C]A	26	14	93	6	6	25	31	53	6	16	33	53	25	38	32	13	26	44	95	62	62	114	55	47	42	88	10	8	45	71	45	117	31	58	24
G[T>C]C	21	21	50	6	6	19	39	38	13	22	23	52	20	35	29	5	21	36	54	34	45	115	64	25	29	56	11	9	51	61	32	140	31	73	20
G[T>C]G	18	15	57	4	14	21	28	49	12	14	25	61	19	34	25	9	9	35	89	46	67	113	61	21	26	63	17	9	52	68	43	126	31	61	10
G[T>C]T	32	21	91	7	20	29	52	58	18	21	33	81	36	48	24	13	20	46	107	49	73	139	55	43	42	85	16	9	68	82	52	119	35	101	29
G[T>G]A	3	11	33	0	3	3	8	4	5	4	6	14	9	6	2	1	3	5	18	14	12	18	10	6	7	10	8	1	15	12	6	14	10	16	4
G[T>G]C	3	7	18	0	4	5	7	8	2	2	10	20	9	12	2	1	3	8	29	13	7	20	10	7	6	9	3	2	17	8	3	12	9	19	6
G[T>G]G	26	17	36	15	14	13	9	33	3	13	12	36	26	26	21	13	13	28	100	43	32	72	35	17	32	38	16	22	34	42	23	51	21	46	18
G[T>G]T	9	16	191	1	5	10	13	29	5	18	5	136	12	18	14	1	6	21	182	22	27	160	29	10	14	36	1	12	36	57	21	37	32	44	16
T[C>A]A	55	55	150	7	17	29	32	129	43	21	52	67	61	71	90	11	47	111	119	63	88	232	102	49	70	79	25	18	71	127	39	109	63	129	37
T[C>A]C	48	34	81	5	11	27	26	95	30	27	34	66	66	51	37	7	27	86	85	37	71	190	72	40	59	59	19	21	67	98	49	126	41	76	32
T[C>A]G	3	5	12	0	2	2	6	15	6	10	4	4	7	5	7	1	2	6	19	6	9	18	9	6	9	12	5	2	6	21	4	16	4	11	1
T[C>A]T	66	45	170	5	10	28	27	186	45	43	63	115	96	87	119	10	58	163	160	75	112	327	99	78	97	96	25	38	98	155	62	181	64	168	52
T[C>G]A	52	60	105	2	27	20	23	145	40	32	30	79	43	146	149	12	39	84	203	65	97	269	127	42	79	92	13	26	85	135	57	120	73	112	40
T[C>G]C	40	37	72	4	15	11	24	108	32	30	25	60	39	65	61	11	30	53	115	65	85	202	98	27	53	65	3	13	55	78	49	81	51	80	26
T[C>G]G	7	6	11	0	0	3	6	12	5	3	5	11	3	13	5	2	1	6	21	9	8	18	3	1	2	9	3	4	7	7	2	16	6	12	2
T[C>G]T	104	152	138	8	33	28	59	220	57	49	53	139	65	251	197	23	61	149	384	98	182	460	233	76	156	148	13	45	139	239	104	187	121	202	60
T[C>T]A	88	86	231	6	49	64	97	254	62	42	56	97	77	313	280	38	69	133	251	464	102	491	321	46	274	125	37	55	105	289	69	144	183	146	95
T[C>T]C	74	50	165	5	29	83	48	133	44	24	49	71	53	136	112	23	45	91	165	524	77	324	199	36	178	112	30	28	92	208	45	142	142	97	67
T[C>T]G	39	28	59	5	26	33	31	64	29	20	39	37	38	60	52	27	22	51	61	83	40	103	45	57	68	69	20	27	45	113	37	56	39	55	45
T[C>T]T	81	80	226	12	31	67	59	216	56	43	49	92	83	250	226	27	56	139	205	266	116	486	259	57	215	111	41	52	110	271	71	159	228	94	96
T[T>A]A	20	19	188	1	9	12	16	66	16	30	33	57	27	33	43	8	22	38	75	42	89	158	65	37	38	45	10	10	46	79	38	106	33	66	39
T[T>A]C	27	21	58	1	5	22	17	49	14	20	16	41	32	24	26	3	10	44	52	25	66	90	44	15	24	37	11	13	44	57	36	102	24	51	19
T[T>A]G	9	10	39	2	16	10	14	32	13	7	19	27	20	18	11	6	7	19	32	21	36	78	39	20	19	27	9	11	30	33	25	70	15	36	15
T[T>A]T	41	45	152	7	19	48	25	70	34	42	39	82	44	43	46	26	22	77	124	69	171	321	108	39	62	62	15	26	84	68	72	221	50	121	47
T[T>C]A	32	35	120	7	9	33	28	99	14	49	29	92	32	52	53	10	22	47	90	57	103	125	85	58	32	77	6	11	64	85	77	122	36	70	30
T[T>C]C	33	22	93	7	6	28	28	123	17	47	26	105	42	56	67	9	20	56	103	52	141	208	130	34	37	92	9	19	74	110	91	224	56	81	46
T[T>C]G	14	18	51	1	8	19	17	57	8	21	26	53	17	28	29	4	10	30	78	36	70	87	53	27	22	44	11	10	40	75	26	108	29	32	12
T[T>C]T	43	28	131	1	15	27	33	101	30	36	37	100	42	50	46	8	21	61	149	55	137	165	84	73	41	93	14	18	76	118	66	148	45	87	30
T[T>G]A	6	26	70	1	6	10	19	14	7	15	21	47	14	17	11	2	13	25	67	18	52	64	36	19	16	33	4	5	31	24	13	36	14	32	7
T[T>G]C	7	7	43	1	4	9	8	18	2	6	7	30	11	14	13	2	6	16	55	14	22	49	28	11	13	12	3	8	25	24	13	26	16	26	3
T[T>G]G	21	18	48	1	3	15	24	39	8	14	17	36	27	21	22	6	9	41	76	40	51	100	41	13	14	30	5	16	38	36	32	61	18	53	22
T[T>G]T	19	22	301	3	13	24	21	64	20	23	17	221	38	31	20	7	20	52	338	82	70	290	78	44	27	43	8	19	75	105	37	71	57	91	21
