Mutation Types	CESC-US_SP107575	CESC-US_SP107595	CESC-US_SP107603	CESC-US_SP107607	CESC-US_SP107624	CESC-US_SP107640	CESC-US_SP109801	CESC-US_SP109941	CESC-US_SP109957	CESC-US_SP114016	CESC-US_SP114020	CESC-US_SP114032	CESC-US_SP13072	CESC-US_SP13078	CESC-US_SP13084	CESC-US_SP13206	CESC-US_SP13242	CESC-US_SP96540
A[C>A]A	54	131	52	64	35	58	68	53	124	78	67	37	39	68	34	99	62	42
A[C>A]C	36	56	40	37	35	28	45	18	67	55	52	28	32	54	42	44	26	16
A[C>A]G	6	9	8	11	3	9	4	7	13	12	18	7	12	8	7	9	7	6
A[C>A]T	31	87	36	31	23	39	33	15	86	62	69	25	27	82	26	66	28	21
A[C>G]A	16	30	37	43	19	50	21	14	47	27	47	28	21	58	30	43	25	20
A[C>G]C	17	28	19	24	7	20	25	12	18	19	24	15	14	26	11	13	18	5
A[C>G]G	6	7	8	18	2	9	4	2	26	9	11	9	33	13	4	4	4	0
A[C>G]T	22	49	26	42	16	53	17	11	44	36	45	37	23	33	19	35	30	14
A[C>T]A	113	145	85	94	59	96	48	50	121	83	122	81	63	103	75	91	71	38
A[C>T]C	56	72	46	35	28	39	46	30	68	48	58	65	39	60	49	38	54	24
A[C>T]G	280	308	181	229	168	211	199	105	234	191	257	309	241	171	327	194	236	95
A[C>T]T	59	107	52	62	41	71	53	36	97	67	92	65	40	59	53	80	52	34
A[T>A]A	24	38	21	29	25	34	22	19	55	30	32	34	27	26	28	29	22	10
A[T>A]C	27	36	24	21	22	15	31	15	45	28	29	11	14	28	22	22	25	12
A[T>A]G	15	34	25	25	10	20	20	13	45	36	31	15	17	35	19	33	22	8
A[T>A]T	34	73	35	51	21	58	35	33	73	62	80	45	36	53	63	51	48	32
A[T>C]A	86	84	60	62	41	62	67	51	84	77	68	69	44	72	81	65	37	25
A[T>C]C	25	28	18	28	17	19	23	10	24	28	37	17	25	28	20	25	25	6
A[T>C]G	34	42	38	41	34	37	42	26	41	45	38	28	31	38	71	32	28	16
A[T>C]T	65	94	47	56	37	55	60	33	71	70	62	68	49	79	38	61	35	20
A[T>G]A	11	18	6	19	5	10	11	7	22	12	17	10	5	16	14	9	6	2
A[T>G]C	9	7	6	4	6	4	6	5	10	9	7	6	6	8	1	3	3	2
A[T>G]G	5	20	7	9	9	14	8	3	25	10	13	6	5	17	9	14	7	10
A[T>G]T	18	25	15	22	7	20	13	15	28	13	16	16	8	11	15	25	10	10
C[C>A]A	48	207	67	63	22	55	68	48	77	69	58	40	35	80	37	86	59	40
C[C>A]C	31	68	27	43	19	31	30	20	47	41	39	23	24	50	25	37	33	14
C[C>A]G	10	27	2	14	2	12	4	5	11	15	8	6	10	9	4	6	8	4
C[C>A]T	38	125	42	51	24	57	50	25	57	63	69	35	25	74	27	59	37	33
C[C>G]A	16	26	18	34	10	50	13	11	33	20	29	16	16	33	11	22	23	14
C[C>G]C	14	21	18	21	11	26	14	6	27	20	19	12	10	33	11	10	15	8
C[C>G]G	6	7	9	6	3	7	2	2	18	13	4	7	16	13	5	5	5	3
C[C>G]T	19	36	32	29	16	43	24	15	44	17	29	15	21	58	9	46	21	20
C[C>T]A	90	120	94	81	62	158	60	48	121	102	130	68	82	87	69	95	91	34
C[C>T]C	71	95	54	53	50	85	59	31	88	51	65	79	55	54	63	55	53	18
C[C>T]G	179	247	148	193	114	173	152	83	169	147	190	223	167	148	291	132	167	98
C[C>T]T	64	102	81	83	52	114	62	55	109	97	101	57	75	66	74	80	76	35
C[T>A]A	12	22	10	11	8	10	16	8	22	24	17	11	5	24	11	20	12	6
C[T>A]C	21	28	10	30	12	26	11	16	30	26	24	13	9	25	19	28	5	8
C[T>A]G	14	24	20	18	8	16	14	12	39	39	12	14	14	26	14	20	10	14
C[T>A]T	28	60	16	45	12	27	16	17	52	53	26	18	14	33	21	32	22	15
C[T>C]A	26	22	26	27	12	27	23	16	36	17	24	25	22	36	20	19	18	17
C[T>C]C	25	50	23	23	15	24	30	27	33	32	24	30	21	38	32	32	18	17
C[T>C]G	25	35	24	22	9	21	29	16	33	31	37	17	18	38	37	29	20	16
C[T>C]T	30	50	27	36	20	37	37	23	53	33	51	40	20	56	36	31	17	22
C[T>G]A	13	6	5	15	6	8	8	3	9	4	13	8	9	10	3	10	12	2
C[T>G]C	5	17	11	14	6	10	8	5	11	8	11	1	5	12	7	8	5	4
C[T>G]G	14	23	13	14	5	10	11	10	21	16	18	7	8	23	8	19	9	2
C[T>G]T	31	43	17	20	11	13	31	14	32	19	25	10	12	25	14	41	16	15
G[C>A]A	39	222	57	63	23	57	86	66	66	69	71	51	26	76	38	119	62	31
G[C>A]C	25	42	29	30	15	40	40	18	38	40	39	20	19	36	27	49	15	20
G[C>A]G	5	14	7	7	7	9	8	7	14	7	3	7	9	9	10	7	9	3
G[C>A]T	30	115	33	41	14	27	49	23	50	52	49	28	21	47	26	77	35	33
G[C>G]A	10	21	17	20	8	31	9	5	22	15	13	17	6	21	14	24	15	7
G[C>G]C	13	14	13	14	5	22	5	7	13	13	24	15	7	15	12	20	17	9
G[C>G]G	1	3	5	4	3	7	0	2	11	6	11	3	7	11	5	7	3	2
G[C>G]T	9	25	22	19	10	33	12	5	29	24	18	21	12	32	4	28	23	6
G[C>T]A	70	101	66	76	51	101	68	45	120	70	97	74	51	83	65	82	76	34
G[C>T]C	64	94	68	61	47	73	58	41	84	52	65	70	54	63	61	96	49	33
G[C>T]G	237	328	169	208	114	205	164	95	200	177	183	272	167	143	277	222	183	75
G[C>T]T	59	82	53	74	56	93	42	38	92	76	79	65	42	64	58	81	70	38
G[T>A]A	13	11	9	11	5	10	11	6	20	14	13	12	6	15	14	13	10	7
G[T>A]C	8	20	9	9	5	13	6	2	19	21	18	7	8	15	6	15	6	6
G[T>A]G	13	33	6	24	13	11	17	10	18	24	20	9	8	17	15	13	8	7
G[T>A]T	12	41	12	23	11	13	15	6	19	25	28	5	9	25	6	20	5	8
G[T>C]A	48	47	35	42	25	40	39	31	43	34	33	48	30	34	33	47	22	14
G[T>C]C	40	49	21	29	17	34	22	20	22	27	27	28	18	19	20	76	31	11
G[T>C]G	29	38	30	22	13	19	34	15	27	27	35	15	17	26	100	24	10	17
G[T>C]T	39	60	39	51	16	40	37	27	42	40	38	39	42	42	32	31	26	7
G[T>G]A	5	7	2	6	4	8	5	5	9	4	5	5	1	12	6	1	2	3
G[T>G]C	10	5	6	3	5	3	6	9	7	7	6	3	3	9	5	11	4	3
G[T>G]G	9	19	7	13	10	10	12	13	25	11	18	10	7	22	14	15	7	8
G[T>G]T	20	27	20	14	8	14	12	6	27	12	13	5	8	21	12	55	6	10
T[C>A]A	64	187	132	130	51	298	91	47	171	124	209	66	93	149	53	246	156	57
T[C>A]C	39	113	83	78	25	153	65	26	93	76	96	38	66	92	33	137	70	35
T[C>A]G	7	13	14	14	12	37	13	7	18	16	18	10	19	17	9	21	18	5
T[C>A]T	67	268	100	137	50	282	118	68	176	120	208	81	75	158	76	255	138	65
T[C>G]A	106	401	863	564	141	2086	94	25	622	420	568	144	410	820	68	1302	795	319
T[C>G]C	26	77	192	122	43	396	25	14	155	103	128	46	99	183	21	268	179	46
T[C>G]G	2	27	38	31	5	96	7	4	33	13	22	10	32	45	5	40	41	13
T[C>G]T	97	539	873	558	212	1963	128	42	774	588	712	202	463	916	116	1325	838	356
T[C>T]A	159	906	1013	781	400	2644	188	70	1201	988	1661	421	648	950	278	1510	1305	364
T[C>T]C	97	274	223	192	115	521	93	56	349	237	380	136	164	228	104	340	325	86
T[C>T]G	138	278	209	231	116	360	118	65	258	188	311	195	186	173	170	279	259	82
T[C>T]T	111	545	452	371	251	1303	126	69	748	566	913	244	385	474	165	783	665	204
T[T>A]A	54	63	31	41	35	57	41	37	68	35	46	26	22	49	35	41	36	16
T[T>A]C	16	32	12	22	13	15	19	11	48	24	24	5	11	30	10	31	9	9
T[T>A]G	12	15	10	9	2	9	13	7	26	14	12	8	4	19	9	12	11	6
T[T>A]T	51	82	36	48	20	32	37	24	76	65	61	31	16	64	31	56	31	23
T[T>C]A	44	36	26	37	22	38	36	26	60	24	44	34	26	32	37	31	15	15
T[T>C]C	34	50	26	39	16	30	29	18	44	33	37	34	9	39	23	70	23	16
T[T>C]G	23	30	25	14	8	22	22	21	33	18	18	18	19	31	157	16	23	9
T[T>C]T	42	69	33	56	33	39	37	38	54	48	55	42	20	57	43	40	27	22
T[T>G]A	17	14	12	15	12	18	16	10	37	24	16	12	10	20	4	20	12	4
T[T>G]C	11	11	13	14	10	10	11	6	19	7	12	8	11	11	4	10	11	4
T[T>G]G	15	14	16	12	12	15	11	9	28	16	17	11	12	22	11	15	17	12
T[T>G]T	45	63	27	34	21	44	39	20	66	22	44	28	26	51	42	68	24	23
