Mutation Types	GBM-US_SP23622	GBM-US_SP23639	GBM-US_SP23739	GBM-US_SP23754	GBM-US_SP23775	GBM-US_SP23925	GBM-US_SP24135	GBM-US_SP24236	GBM-US_SP24391	GBM-US_SP24565	GBM-US_SP24702	GBM-US_SP24815	GBM-US_SP25332	GBM-US_SP25350	GBM-US_SP25380	GBM-US_SP25494	GBM-US_SP25518	GBM-US_SP25833	GBM-US_SP25905	GBM-US_SP26439	GBM-US_SP26475	GBM-US_SP26499	GBM-US_SP26649	GBM-US_SP26709	GBM-US_SP27201	GBM-US_SP27339	GBM-US_SP27603	GBM-US_SP27825	GBM-US_SP27939	GBM-US_SP27957	GBM-US_SP28041	GBM-US_SP28275	GBM-US_SP28335	GBM-US_SP28581	GBM-US_SP28659	GBM-US_SP28791	GBM-US_SP29331	GBM-US_SP29559	GBM-US_SP29697
A[C>A]A	98	107	104	43	166	112	129	211	133	113	167	224	36	126	130	192	180	140	112	70	134	60	80	86	119	93	164	157	70	157	185	66	147	94	129	60	147	96	66
A[C>A]C	81	99	79	39	137	89	93	219	89	79	145	219	27	93	101	221	151	141	116	60	115	44	56	71	97	66	137	116	65	117	181	65	119	68	122	51	116	81	41
A[C>A]G	8	7	11	3	18	12	16	37	18	15	20	28	2	15	18	25	17	17	14	6	14	4	8	10	17	5	22	13	8	16	22	8	19	8	16	8	17	6	4
A[C>A]T	83	87	96	29	156	98	107	272	101	81	143	242	11	100	139	223	198	149	125	85	109	36	55	69	108	68	143	123	52	154	193	62	137	63	127	50	101	93	57
A[C>G]A	46	60	57	17	92	94	68	101	54	59	65	93	8	53	71	119	97	61	56	56	51	27	36	31	44	37	72	81	41	68	73	44	61	53	77	27	60	59	28
A[C>G]C	24	34	22	18	58	65	48	51	29	16	36	39	5	19	48	78	31	24	33	28	31	15	5	14	20	23	40	53	16	29	38	31	36	29	45	16	40	29	17
A[C>G]G	3	16	9	9	8	11	3	13	6	5	9	12	1	5	11	22	11	12	8	6	5	4	4	5	8	3	12	11	6	6	9	5	11	2	18	7	13	7	4
A[C>G]T	39	70	46	23	100	150	73	96	44	38	56	92	8	58	65	147	96	52	43	57	50	24	30	35	54	26	69	99	44	69	92	51	52	56	74	29	66	58	35
A[C>T]A	116	129	198	60	221	125	253	221	176	129	160	239	49	161	169	6812	246	142	146	102	140	87	97	93	150	123	183	162	147	170	242	132	178	179	237	74	192	105	114
A[C>T]C	58	81	105	24	107	40	86	100	68	60	89	98	19	58	55	27701	95	73	59	41	59	44	54	61	62	65	82	75	65	70	96	69	88	74	97	31	86	53	59
A[C>T]G	656	974	631	455	1138	245	1127	1230	961	786	724	1248	188	987	953	2107	1326	543	580	258	544	408	894	441	1091	784	1143	1026	995	1284	1771	867	810	1041	1363	218	978	189	554
A[C>T]T	74	123	155	33	167	73	144	178	86	69	124	177	30	105	81	21445	178	124	120	69	110	66	63	70	95	76	133	87	78	105	174	95	136	118	140	59	117	63	63
A[T>A]A	50	71	49	35	105	62	71	99	56	51	102	90	17	65	83	197	101	65	47	25	51	33	39	56	58	47	83	87	33	80	99	48	94	58	73	46	49	56	28
A[T>A]C	17	39	39	18	66	57	49	59	36	33	40	72	17	43	42	119	52	54	39	32	50	21	18	25	38	19	44	52	17	42	51	24	50	31	45	22	45	25	24
A[T>A]G	33	40	37	16	91	58	60	104	58	53	66	98	12	45	60	117	85	75	61	33	43	28	37	40	37	37	69	62	38	59	84	34	60	45	59	30	56	45	11
A[T>A]T	52	72	65	35	126	75	80	166	85	50	101	151	17	89	114	187	115	92	67	49	75	22	43	60	78	61	100	106	38	91	123	57	104	79	101	39	76	72	40
A[T>C]A	90	139	114	53	455	242	143	178	128	114	194	190	47	107	144	463	196	134	110	155	124	74	97	104	103	106	185	176	98	135	165	132	149	153	229	88	145	132	70
A[T>C]C	37	64	58	28	270	144	63	109	73	50	78	106	9	44	68	236	86	50	61	78	47	31	33	43	54	45	57	73	39	73	73	35	62	60	119	48	73	65	33
A[T>C]G	62	104	95	44	209	153	101	124	89	68	153	154	38	105	93	235	129	99	68	104	92	46	76	63	66	66	119	116	91	82	117	85	92	88	151	52	107	86	37
A[T>C]T	121	145	152	60	320	254	173	199	144	116	234	227	38	154	174	471	214	138	109	170	124	78	101	110	117	121	157	179	97	162	225	125	156	139	209	92	179	141	95
A[T>G]A	31	39	29	12	45	62	34	64	21	26	40	50	10	41	41	99	40	53	10	21	43	20	23	18	21	26	41	40	16	47	42	46	60	29	43	20	33	28	21
A[T>G]C	9	12	13	5	28	17	9	20	15	6	12	22	4	12	16	39	17	23	15	9	14	3	9	13	9	10	13	16	11	13	15	10	13	12	23	8	11	10	2
A[T>G]G	20	26	31	10	43	26	34	56	36	18	39	45	8	43	28	82	47	28	25	17	19	12	17	17	30	21	30	24	15	32	40	27	33	21	34	14	37	12	8
A[T>G]T	20	40	23	17	64	44	42	49	25	22	27	42	8	30	38	88	38	24	11	31	26	19	21	10	25	23	25	33	14	32	41	23	28	26	53	9	31	22	18
C[C>A]A	68	70	69	29	144	88	111	187	90	66	102	186	29	96	113	230	175	109	115	59	101	39	58	49	92	58	102	101	53	107	149	57	131	74	123	37	102	86	56
C[C>A]C	58	74	64	20	116	62	94	172	77	50	106	176	8	81	98	229	142	127	115	38	103	56	60	50	67	51	110	103	38	119	150	74	140	65	116	25	85	66	38
C[C>A]G	4	11	3	5	37	5	7	18	8	8	10	23	1	5	8	20	15	10	12	4	10	6	10	6	6	10	12	5	9	7	18	7	9	12	11	3	13	16	2
C[C>A]T	61	99	68	40	140	74	92	235	90	74	126	177	23	84	111	263	160	132	103	56	101	46	48	57	92	50	118	110	48	123	166	51	121	63	106	38	92	70	42
C[C>G]A	12	37	23	7	57	42	33	48	16	17	26	36	4	29	29	66	32	46	28	29	27	12	16	11	13	20	32	39	19	22	30	19	33	25	36	13	33	17	6
C[C>G]C	16	39	29	11	37	33	27	37	16	12	31	30	5	22	33	66	30	31	18	25	23	15	19	17	22	14	26	30	24	34	27	18	32	19	37	14	26	19	12
C[C>G]G	5	2	4	3	6	8	10	7	5	4	2	7	0	4	5	7	9	8	4	5	2	3	1	5	3	7	6	5	4	5	5	3	7	3	5	2	7	4	1
C[C>G]T	33	45	42	14	45	55	53	61	29	25	43	50	14	24	61	86	46	44	41	41	28	16	19	29	30	23	37	66	34	48	49	44	30	36	52	18	47	37	20
C[C>T]A	62	101	192	36	179	56	181	101	93	75	98	130	28	105	87	5955	198	92	76	63	67	63	49	64	73	82	132	93	85	88	155	123	164	121	149	43	113	72	72
C[C>T]C	92	100	235	56	133	82	248	79	97	87	114	143	40	110	84	29525	214	105	80	68	67	65	66	91	108	70	161	93	111	89	205	129	217	180	204	64	100	83	77
C[C>T]G	200	358	270	173	395	135	388	406	329	254	267	389	75	333	383	1214	487	197	238	124	177	161	275	170	367	247	405	358	331	424	620	318	303	378	495	117	372	77	224
C[C>T]T	109	155	151	58	179	109	211	161	135	110	131	217	39	148	142	20702	208	140	151	86	116	81	79	99	110	113	165	96	124	124	171	134	175	176	216	62	177	100	96
C[T>A]A	34	46	37	17	80	40	43	91	42	37	60	65	7	43	41	104	80	55	47	30	42	13	33	22	23	30	70	55	22	66	61	30	45	39	49	20	42	33	17
C[T>A]C	48	40	37	17	96	43	52	137	44	33	80	118	10	51	56	118	93	76	49	23	67	29	37	30	60	36	93	59	34	55	105	34	77	55	70	19	58	43	30
C[T>A]G	41	57	50	11	99	48	65	103	48	35	69	97	8	50	55	128	92	65	46	35	67	21	31	31	36	31	77	54	34	54	84	30	77	34	65	21	73	31	22
C[T>A]T	67	65	65	40	143	56	83	193	69	65	105	161	11	91	130	158	147	105	93	36	87	44	51	45	76	62	114	113	50	98	170	54	114	68	129	36	113	47	32
C[T>C]A	33	42	41	26	110	102	42	59	47	29	59	52	8	36	52	150	56	34	36	55	35	23	29	36	46	25	55	75	34	51	62	40	49	61	63	29	54	54	37
C[T>C]C	55	78	64	18	169	182	64	111	62	41	94	98	16	47	107	219	105	84	58	88	55	22	39	39	62	42	106	99	39	81	103	48	93	65	122	59	59	70	46
C[T>C]G	28	40	42	17	83	115	59	56	43	37	57	78	18	33	60	117	63	50	30	72	37	27	24	28	40	23	67	76	23	46	70	31	52	48	52	37	57	67	23
C[T>C]T	42	64	68	25	122	95	71	90	62	49	94	81	12	47	99	189	96	61	58	90	79	35	39	47	63	53	84	94	55	88	119	58	87	68	97	33	77	70	42
C[T>G]A	8	12	18	4	29	16	19	18	7	9	25	17	0	9	13	26	16	13	6	5	15	3	10	5	9	6	10	12	7	6	17	8	14	14	18	5	12	8	7
C[T>G]C	11	15	19	11	37	24	21	23	20	10	20	22	3	15	20	27	21	13	9	14	18	4	8	9	14	12	16	21	12	22	18	16	16	19	17	4	18	15	10
C[T>G]G	17	20	21	5	34	23	23	50	26	12	33	34	8	18	27	53	31	29	30	16	19	6	12	16	16	12	23	23	12	24	40	22	22	22	31	10	34	17	13
C[T>G]T	20	17	27	14	43	38	38	33	26	10	30	27	8	21	27	59	31	20	29	17	19	12	16	14	17	17	29	31	17	32	42	30	26	15	34	7	23	26	20
G[C>A]A	43	57	40	27	66	67	51	104	49	39	84	74	24	57	61	113	85	75	59	51	68	21	28	33	62	41	61	61	39	50	88	42	82	42	83	31	63	50	38
G[C>A]C	35	33	47	12	62	54	74	90	36	27	67	89	12	47	53	145	89	61	50	30	68	25	20	24	43	36	60	49	33	52	81	31	64	46	41	25	45	43	19
G[C>A]G	3	3	6	3	15	4	12	9	5	5	7	10	2	3	8	8	9	11	10	6	11	7	0	8	6	1	9	4	5	4	7	6	12	6	7	3	5	7	4
G[C>A]T	38	40	49	17	65	56	59	105	46	29	66	116	12	64	67	130	82	67	75	30	57	27	32	38	43	38	63	57	27	66	91	31	82	35	67	34	67	42	33
G[C>G]A	9	20	24	12	32	26	19	24	21	11	28	22	7	12	27	39	15	21	23	19	12	9	11	6	17	21	14	19	15	20	15	13	22	17	31	9	21	19	8
G[C>G]C	11	16	18	11	36	90	31	23	20	12	25	28	8	14	25	65	26	28	15	19	20	17	11	13	18	12	21	31	12	18	20	21	23	18	27	16	16	20	11
G[C>G]G	7	2	4	3	8	8	5	6	3	1	3	5	3	4	3	11	3	2	2	2	4	1	5	1	3	2	2	4	0	2	5	1	3	1	3	1	4	1	6
G[C>G]T	17	31	27	14	44	50	43	43	27	16	33	42	6	17	36	83	39	33	24	24	20	18	17	15	11	15	22	38	17	33	38	19	30	25	31	14	40	28	7
G[C>T]A	46	66	88	48	111	67	104	74	68	60	87	108	31	82	86	6131	90	64	70	54	61	37	52	57	66	55	95	78	68	72	82	83	94	72	89	30	103	72	60
G[C>T]C	53	91	66	54	120	174	101	97	85	77	82	101	26	105	77	22624	114	85	99	93	88	48	51	81	83	67	105	86	95	115	80	122	95	83	124	41	100	55	68
G[C>T]G	317	520	369	202	524	420	559	532	462	391	364	609	99	493	551	1661	709	315	317	221	277	217	411	252	524	372	568	507	515	639	872	505	424	503	690	130	516	141	340
G[C>T]T	72	86	81	57	88	163	94	118	98	72	80	143	20	121	66	15699	111	107	75	83	81	65	49	55	80	63	94	72	98	80	98	116	107	91	134	36	108	85	56
G[T>A]A	17	26	23	9	35	35	32	56	26	16	42	49	4	27	38	50	31	31	16	15	21	13	16	13	18	15	35	20	20	35	30	17	41	20	31	15	36	24	14
G[T>A]C	11	17	23	9	34	21	28	43	19	14	31	39	5	20	34	67	28	38	16	19	32	5	8	14	12	15	18	28	13	21	35	11	31	20	30	15	33	22	9
G[T>A]G	32	31	38	7	43	33	29	42	17	25	26	66	6	30	25	65	52	36	32	31	38	14	25	20	34	15	37	37	21	36	44	15	25	25	33	11	31	31	10
G[T>A]T	49	45	42	12	84	47	45	130	54	51	54	119	4	51	74	109	107	68	51	22	47	26	24	33	48	42	63	72	32	65	89	30	67	46	73	23	54	48	23
G[T>C]A	46	54	45	22	378	170	58	77	54	38	69	83	15	44	69	435	81	50	41	82	52	39	37	45	62	40	67	78	44	64	75	45	61	67	90	41	55	70	33
G[T>C]C	28	45	43	27	290	279	41	63	40	26	58	57	9	33	41	294	56	44	32	85	22	17	30	32	30	24	40	49	22	47	51	37	58	55	55	42	50	70	24
G[T>C]G	36	56	50	22	211	104	54	52	33	42	60	76	7	33	61	170	75	52	47	72	36	28	32	26	47	25	69	65	31	43	65	41	48	41	91	34	45	57	25
G[T>C]T	44	67	68	28	288	160	80	105	81	56	145	83	31	57	97	311	87	72	60	89	72	47	41	53	64	54	77	94	52	85	113	53	76	91	132	39	84	73	43
G[T>G]A	11	10	9	5	21	20	14	16	10	2	15	20	3	11	11	19	14	13	8	13	10	4	3	7	10	7	17	7	8	17	8	5	21	3	13	4	9	6	4
G[T>G]C	5	7	4	2	19	14	12	12	4	6	11	9	3	6	3	24	9	11	4	8	9	1	6	2	12	4	11	10	5	12	9	12	7	7	10	5	5	6	3
G[T>G]G	20	24	19	7	28	34	30	49	19	17	36	31	1	17	33	46	31	16	23	18	38	13	16	10	24	14	33	19	18	23	43	19	25	26	36	15	24	14	6
G[T>G]T	14	11	14	13	25	52	19	33	16	5	31	27	3	14	15	61	18	35	14	13	18	7	3	14	19	10	13	11	6	22	27	14	20	21	24	4	15	19	13
T[C>A]A	61	64	48	26	121	71	96	146	68	56	88	110	21	59	82	174	103	110	78	58	73	31	54	52	57	45	89	77	52	94	107	48	96	72	94	40	71	75	49
T[C>A]C	50	73	65	35	124	59	95	133	74	46	86	126	23	62	87	296	103	69	74	33	86	36	44	50	60	41	89	71	44	86	88	54	90	63	95	20	78	53	45
T[C>A]G	5	11	9	6	13	9	9	11	4	7	11	10	4	8	12	13	8	11	10	10	5	7	6	7	9	15	19	18	8	4	11	4	10	6	11	3	9	2	10
T[C>A]T	57	74	61	34	164	97	113	200	98	61	105	178	35	73	92	242	152	107	102	62	105	37	53	68	124	67	91	104	55	117	150	61	89	55	114	48	95	82	59
T[C>G]A	38	51	61	25	127	117	51	64	37	24	78	89	12	32	97	142	42	61	45	39	38	32	31	20	36	25	43	66	34	68	37	31	44	51	58	14	56	39	23
T[C>G]C	29	40	50	21	91	76	49	64	24	30	67	61	7	31	55	149	41	54	44	55	31	27	31	26	30	17	45	75	30	56	32	34	45	34	55	18	36	29	18
T[C>G]G	4	6	4	2	6	9	6	5	3	9	3	5	0	6	9	15	2	5	8	3	4	2	6	4	5	6	5	5	3	4	7	3	9	2	6	5	10	6	0
T[C>G]T	72	106	96	39	194	240	115	143	86	77	145	188	23	78	176	268	123	110	82	93	89	51	59	54	52	48	109	185	63	132	88	81	88	110	148	69	87	114	46
T[C>T]A	69	120	175	47	208	118	203	103	82	48	102	224	28	96	101	7118	163	99	62	41	83	55	64	71	65	73	143	106	75	99	129	77	140	164	143	62	95	51	63
T[C>T]C	63	104	137	58	151	84	179	126	89	66	89	183	26	95	95	35909	134	105	87	67	82	58	56	89	90	92	95	107	93	117	135	110	135	129	144	45	80	91	67
T[C>T]G	201	284	214	140	364	125	350	376	269	254	207	371	73	303	346	1123	409	175	174	104	167	118	272	146	333	233	353	324	282	384	551	288	242	293	375	82	260	67	184
T[C>T]T	66	100	149	48	157	110	196	176	101	99	111	241	36	120	114	28657	174	120	98	68	104	59	68	78	94	79	119	113	90	145	189	100	162	113	154	71	117	78	78
T[T>A]A	56	67	39	24	95	72	69	119	66	43	72	107	14	57	82	142	79	67	53	35	64	20	26	34	58	44	66	92	32	60	103	32	72	40	81	25	66	55	37
T[T>A]C	26	38	45	15	63	49	64	95	40	30	78	101	9	29	51	103	73	58	34	22	52	13	26	25	38	28	71	44	25	47	62	23	53	43	46	18	42	28	24
T[T>A]G	28	19	18	19	52	31	37	63	34	22	52	76	6	25	44	88	58	39	36	19	42	10	17	19	23	19	29	52	17	40	46	24	35	36	42	17	37	35	14
T[T>A]T	77	109	75	30	171	78	132	296	97	89	137	199	20	100	113	255	207	136	102	52	104	55	65	64	87	72	139	134	51	128	165	48	124	87	137	44	130	90	50
T[T>C]A	50	62	67	31	170	160	79	82	59	51	58	104	15	70	102	216	77	47	59	86	50	34	32	49	57	57	58	120	42	73	70	63	80	75	84	46	61	79	32
T[T>C]C	38	54	55	36	183	244	58	97	64	52	84	110	12	67	88	211	108	71	62	99	64	41	33	43	61	50	87	102	44	68	92	57	78	62	105	58	74	92	34
T[T>C]G	24	51	43	13	74	110	45	63	36	28	53	79	12	38	39	113	43	28	24	54	31	18	26	39	35	27	46	78	30	36	65	35	45	43	65	25	59	65	18
T[T>C]T	69	109	111	43	184	185	92	139	93	80	120	135	28	83	130	276	132	89	80	106	78	49	66	65	73	74	124	153	70	101	148	88	122	110	123	55	121	103	46
T[T>G]A	29	24	30	15	41	55	29	31	18	20	30	30	3	18	42	67	32	23	25	14	24	13	18	17	23	10	34	33	20	25	33	29	38	29	34	10	25	22	18
T[T>G]C	11	17	13	9	25	27	29	11	12	22	13	18	4	15	12	63	21	23	15	14	17	8	10	12	18	10	13	23	8	21	27	15	22	21	36	11	27	21	7
T[T>G]G	14	23	20	8	51	28	41	47	29	31	35	44	8	25	31	79	47	38	25	23	44	19	21	9	28	31	33	34	22	40	55	18	28	18	49	13	28	32	13
T[T>G]T	35	54	51	18	99	114	62	83	45	46	64	66	15	64	73	158	67	48	40	47	49	31	36	37	32	31	70	74	36	44	82	35	54	60	90	31	69	62	27
