Mutation Types	HNSC-US_SP115162	HNSC-US_SP29940	HNSC-US_SP29987	HNSC-US_SP30011	HNSC-US_SP30071	HNSC-US_SP30077	HNSC-US_SP30083	HNSC-US_SP30093	HNSC-US_SP30113	HNSC-US_SP30143	HNSC-US_SP30185	HNSC-US_SP30213	HNSC-US_SP30332	HNSC-US_SP30493	HNSC-US_SP30675	HNSC-US_SP30803	HNSC-US_SP30843	HNSC-US_SP30907	HNSC-US_SP31030	HNSC-US_SP31046	HNSC-US_SP31126	HNSC-US_SP31174	HNSC-US_SP31190	HNSC-US_SP31334	HNSC-US_SP31422	HNSC-US_SP31606	HNSC-US_SP31790	HNSC-US_SP31814	HNSC-US_SP31854	HNSC-US_SP32014	HNSC-US_SP32222	HNSC-US_SP32662	HNSC-US_SP32694	HNSC-US_SP32742	HNSC-US_SP32894	HNSC-US_SP32958	HNSC-US_SP33094	HNSC-US_SP33496	HNSC-US_SP33544	HNSC-US_SP33688	HNSC-US_SP33774	HNSC-US_SP33837	HNSC-US_SP34005	ORCA-IN_SP117003	ORCA-IN_SP117124	ORCA-IN_SP117189	ORCA-IN_SP117217	ORCA-IN_SP117260	ORCA-IN_SP117376	ORCA-IN_SP117408	ORCA-IN_SP117482	ORCA-IN_SP117509	ORCA-IN_SP117681	ORCA-IN_SP117779	ORCA-IN_SP117932	ORCA-IN_SP118015
A[C>A]A	45	112	284	81	331	405	102	77	3025	44	58	66	1589	81	2428	175	40	324	175	55	141	280	259	212	290	40	166	139	600	64	14	284	262	168	48	78	230	259	583	193	101	66	46	131	156	52	13	131	201	58	166	160	56	112	163	99
A[C>A]C	52	48	131	103	173	225	55	48	1716	50	24	27	926	49	1282	75	21	177	77	26	204	76	147	101	140	27	76	80	284	36	7	137	142	113	33	57	139	167	271	121	62	39	32	54	92	28	4	71	88	28	65	64	31	47	70	45
A[C>A]G	11	11	32	9	47	45	5	8	642	8	6	5	464	17	571	31	5	78	19	11	12	27	31	27	27	4	14	20	69	8	0	30	31	30	9	11	32	18	62	15	18	8	8	13	15	7	4	18	22	6	15	11	8	15	18	8
A[C>A]T	39	52	180	76	223	271	54	37	1766	28	34	39	1028	50	1434	103	13	200	102	30	95	107	162	143	186	26	75	74	361	47	3	167	141	148	32	56	133	181	355	115	51	29	17	58	86	23	8	77	105	38	86	72	37	68	77	41
A[C>G]A	23	44	110	19	117	190	28	31	1148	14	15	28	554	59	872	167	10	131	73	13	72	45	97	72	131	23	34	67	231	44	4	128	112	101	33	42	89	208	259	196	29	15	16	80	49	23	10	72	95	29	110	73	26	48	77	45
A[C>G]C	17	40	63	28	75	93	27	29	457	11	6	11	255	31	340	56	8	62	40	18	43	40	82	58	83	15	30	42	119	22	1	83	75	51	15	26	56	89	134	89	17	16	22	51	32	21	2	37	58	25	50	35	14	29	40	17
A[C>G]G	14	12	22	9	16	45	6	9	297	11	5	8	127	14	165	26	2	25	8	5	10	6	24	19	29	5	9	9	41	5	1	36	19	31	3	9	22	31	63	34	4	4	4	22	8	3	1	10	20	5	17	11	7	5	17	9
A[C>G]T	25	42	176	26	138	296	33	39	727	21	12	31	399	61	584	153	10	148	63	21	76	53	159	128	259	19	51	62	308	30	5	134	154	98	18	39	103	246	253	183	26	23	18	74	68	22	2	63	88	31	102	80	41	51	67	46
A[C>T]A	67	122	268	87	344	293	81	86	1456	101	68	82	955	135	1181	341	52	197	252	53	153	136	239	174	236	82	130	140	455	105	8	226	254	231	39	131	254	368	481	250	99	87	60	167	165	54	12	121	236	84	237	236	58	108	190	90
A[C>T]C	37	75	201	55	215	204	49	48	662	58	40	43	440	57	485	157	29	111	150	38	93	95	177	101	160	46	63	59	324	50	2	129	157	94	47	60	119	186	292	103	63	39	41	127	89	36	3	99	119	45	95	119	27	69	114	72
A[C>T]G	147	383	451	259	400	381	218	270	405	321	145	171	391	343	329	282	259	183	799	157	265	291	324	194	420	165	351	138	230	222	42	299	394	349	161	530	349	283	268	242	315	192	165	292	388	129	29	268	338	137	300	367	154	300	345	263
A[C>T]T	45	106	273	79	327	313	47	61	863	65	64	53	609	63	692	198	35	212	161	50	104	121	213	140	238	36	120	102	392	64	7	198	250	176	42	79	227	247	389	150	75	56	46	117	118	31	9	97	152	65	128	169	45	70	117	89
A[T>A]A	13	34	241	47	408	334	29	26	1139	28	13	33	681	42	632	136	11	167	40	14	69	109	222	102	167	16	44	36	322	32	2	74	426	103	11	31	78	217	416	72	31	13	22	30	67	13	8	54	58	12	47	70	17	29	40	31
A[T>A]C	20	38	170	39	254	169	32	24	330	45	18	16	206	24	208	99	7	83	56	20	75	83	150	52	90	22	30	21	167	20	5	66	199	72	14	36	69	117	288	44	32	20	20	38	51	13	7	37	35	10	53	50	17	16	36	32
A[T>A]G	20	30	144	39	188	182	19	29	895	37	14	17	562	30	568	94	10	145	34	11	40	71	121	65	110	21	34	41	176	20	1	63	191	64	18	22	72	158	242	58	51	29	16	33	41	14	8	48	61	22	38	33	23	20	30	27
A[T>A]T	21	80	340	87	572	384	58	60	637	49	30	45	465	65	384	223	25	121	104	31	101	150	330	122	199	47	50	79	385	54	6	130	494	203	38	94	157	308	488	90	61	33	33	83	81	31	11	77	132	27	95	87	34	52	94	52
A[T>C]A	53	84	813	84	647	744	63	85	2221	65	40	78	1421	79	1476	247	33	561	115	43	112	141	449	439	549	43	83	121	733	59	5	177	618	171	61	81	258	505	633	141	70	44	52	95	126	42	29	192	165	47	116	126	68	127	88	85
A[T>C]C	35	43	136	28	123	141	37	35	301	28	15	22	199	28	222	65	15	84	57	17	44	53	94	56	122	24	37	53	139	24	4	71	110	78	13	24	71	109	203	63	33	17	17	48	50	15	4	47	78	14	64	54	21	47	39	32
A[T>C]G	28	36	208	39	257	284	30	39	1139	44	39	44	838	41	889	116	37	229	75	25	63	78	154	123	190	25	43	87	249	35	3	116	175	80	24	261	196	238	308	95	49	28	36	71	72	32	4	87	99	20	76	98	21	51	54	60
A[T>C]T	57	74	449	58	429	412	57	59	990	70	35	64	646	91	655	199	34	324	113	24	111	119	294	246	344	43	87	96	469	72	9	204	447	167	35	60	215	373	513	106	77	52	47	89	101	41	22	156	153	41	128	132	59	92	107	69
A[T>G]A	12	25	73	15	114	99	13	20	283	7	11	5	162	20	162	37	5	52	28	11	31	23	91	68	65	3	17	39	95	14	1	51	116	33	7	22	38	76	120	37	11	5	7	25	21	4	3	24	44	9	34	43	11	18	17	27
A[T>G]C	2	7	26	8	23	43	15	4	67	7	5	8	48	8	33	20	1	17	23	9	29	15	26	20	33	5	17	8	40	8	1	35	39	14	1	9	32	27	58	20	7	6	2	15	18	5	1	11	30	8	13	17	7	8	10	10
A[T>G]G	10	16	61	20	65	103	17	17	251	11	9	13	150	21	178	33	9	46	30	10	37	30	38	27	80	9	19	23	112	15	1	74	45	44	4	12	55	57	101	34	13	13	9	27	24	9	0	35	40	9	30	22	12	17	27	12
A[T>G]T	13	31	81	17	79	92	35	23	156	16	18	19	109	25	101	48	12	44	176	18	59	38	81	71	96	25	33	50	133	28	2	93	65	66	10	25	75	95	144	61	15	9	9	64	45	18	4	42	101	18	49	68	22	35	51	28
C[C>A]A	48	128	256	119	301	351	110	72	4195	48	52	51	2337	76	2981	199	43	265	190	58	181	231	242	165	225	41	162	130	564	64	9	256	273	163	46	82	213	280	517	171	130	82	35	172	122	62	17	152	187	75	227	182	73	127	180	113
C[C>A]C	24	55	135	77	170	197	59	39	3359	36	24	35	1833	30	2372	103	17	223	75	25	119	78	123	105	136	25	74	77	295	31	7	131	140	119	25	56	106	185	306	117	51	42	21	88	72	44	3	82	97	27	104	68	34	61	72	62
C[C>A]G	4	20	37	15	46	58	10	11	885	9	12	11	534	18	639	38	4	72	25	8	31	40	39	33	36	3	16	35	92	14	0	42	26	24	18	13	47	48	89	34	28	14	9	34	20	11	6	23	40	9	27	27	3	20	34	14
C[C>A]T	20	124	226	120	244	300	77	68	2999	41	30	61	1524	62	2149	125	23	215	173	41	234	158	166	109	217	29	133	123	454	57	8	164	194	135	46	80	182	270	369	175	92	41	33	122	87	59	14	125	202	42	178	104	53	95	139	90
C[C>G]A	15	29	86	21	97	143	22	19	969	12	14	19	414	37	667	172	6	78	53	10	47	22	70	48	93	14	22	45	157	23	0	111	93	103	11	33	78	169	189	200	25	9	13	57	41	9	0	61	55	11	101	57	12	34	54	20
C[C>G]C	17	19	56	15	50	91	13	18	763	14	10	12	361	20	500	52	7	64	34	9	33	15	78	41	88	8	23	35	112	18	0	71	50	44	14	13	60	84	138	89	14	5	16	32	41	12	3	43	49	8	57	49	7	23	28	11
C[C>G]G	6	13	24	9	36	29	8	4	360	14	3	14	171	7	236	23	7	42	11	10	9	6	32	18	35	6	15	8	57	7	1	45	13	24	1	9	29	32	70	46	11	7	11	24	16	5	1	15	19	6	16	13	7	12	16	11
C[C>G]T	35	41	165	43	133	330	31	26	782	22	17	45	458	49	560	189	7	166	64	12	71	52	151	95	192	18	38	51	297	33	2	144	148	100	16	33	97	298	271	244	31	16	11	82	58	26	1	72	65	16	120	80	17	32	56	29
C[C>T]A	81	189	251	126	262	338	89	97	1454	131	82	109	1038	204	1134	579	44	235	373	63	154	147	186	184	276	68	165	137	644	114	7	271	258	274	47	146	250	516	489	393	96	88	82	236	152	46	14	124	207	102	278	314	63	125	209	119
C[C>T]C	54	115	246	220	248	255	76	68	1131	95	51	77	815	80	866	209	37	173	249	42	303	118	193	133	236	59	138	114	616	90	9	155	207	179	66	86	164	270	504	134	69	49	62	210	130	41	14	107	159	75	145	223	40	125	149	97
C[C>T]G	117	299	350	185	325	261	161	188	455	222	120	122	369	217	356	290	231	131	563	109	225	203	209	160	261	133	290	106	231	190	21	245	261	287	106	404	285	275	254	256	201	146	109	230	308	89	18	182	300	140	276	316	119	214	269	201
C[C>T]T	72	152	359	195	338	425	95	89	1726	127	73	76	1094	126	1368	420	38	282	296	67	285	156	263	185	288	70	126	122	729	82	14	213	268	265	65	118	229	484	578	255	126	62	82	186	146	48	11	137	202	73	227	248	64	129	170	119
C[T>A]A	17	10	94	64	146	174	21	22	1143	9	10	13	609	17	695	51	9	118	14	7	60	40	83	63	94	15	17	42	156	14	1	65	115	65	11	25	63	111	252	53	13	7	11	28	32	9	2	37	38	14	36	35	10	17	18	15
C[T>A]C	10	22	123	75	176	204	23	20	807	21	24	19	487	31	565	75	8	114	51	13	77	53	126	55	125	9	32	41	230	24	4	83	149	92	4	34	70	147	329	71	34	24	10	47	40	9	5	47	51	17	42	31	21	20	28	23
C[T>A]G	10	15	112	58	175	186	19	22	1768	21	16	14	1003	23	1150	57	9	155	29	18	93	47	90	62	105	15	23	44	189	17	2	74	97	85	12	19	66	144	270	68	34	17	16	36	37	18	3	45	51	17	50	38	25	16	30	26
C[T>A]T	29	33	193	83	241	239	27	27	1066	19	36	20	615	29	667	95	9	120	78	20	137	67	128	88	130	14	40	54	235	20	3	106	169	186	10	39	103	186	549	70	36	15	15	46	51	22	4	64	69	17	47	66	15	36	34	27
C[T>C]A	17	31	143	41	182	208	26	20	1075	27	18	28	665	31	847	62	19	122	60	13	54	54	101	79	140	19	43	65	181	33	1	96	129	79	10	58	103	158	221	74	27	21	18	52	56	23	10	51	97	15	68	47	26	43	47	25
C[T>C]C	26	45	129	32	130	154	38	32	386	31	24	31	216	21	326	67	32	87	113	23	75	51	81	70	142	16	50	49	153	38	3	98	94	110	9	116	96	130	210	79	32	19	21	70	50	27	5	54	82	20	82	66	28	44	52	39
C[T>C]G	25	34	79	49	132	118	26	27	888	25	22	21	467	21	631	68	26	137	85	14	70	41	79	48	119	22	41	64	140	22	5	100	72	75	10	141	103	119	162	73	28	16	22	45	53	21	3	38	78	24	65	70	21	27	38	47
C[T>C]T	26	64	188	64	195	228	40	39	699	28	54	28	461	35	537	95	12	165	230	18	103	64	151	103	184	18	53	84	274	63	4	116	156	136	19	27	150	217	372	79	31	24	13	85	69	42	6	85	133	35	86	137	29	49	54	60
C[T>G]A	5	18	37	10	47	48	8	14	209	4	5	12	137	8	106	16	6	26	27	4	36	14	34	23	45	11	15	18	53	17	0	44	33	25	5	15	50	52	69	27	7	8	2	22	25	10	1	23	51	3	21	31	9	13	15	13
C[T>G]C	8	7	50	12	43	63	8	12	154	5	9	11	58	12	79	24	7	31	75	8	18	10	40	30	41	8	11	31	58	17	1	37	38	34	4	18	46	53	96	37	8	10	10	23	29	9	0	13	45	4	14	23	4	19	15	8
C[T>G]G	10	26	62	24	72	82	15	14	459	16	11	10	247	8	260	33	4	50	65	9	30	19	42	32	69	8	24	37	91	22	4	60	43	38	5	24	59	79	126	64	11	11	12	25	31	9	0	34	68	14	36	44	18	23	20	21
C[T>G]T	15	65	92	22	119	111	38	24	243	9	95	24	191	26	179	56	6	68	702	14	66	40	79	103	89	10	56	53	135	50	1	92	74	261	20	34	113	160	267	102	19	19	6	77	57	66	3	47	228	21	59	202	29	50	66	64
G[C>A]A	43	218	276	61	318	380	113	106	2147	76	47	51	1207	69	1628	146	45	262	320	71	143	415	217	142	263	38	304	126	564	95	19	276	218	110	67	114	190	197	483	112	124	82	48	177	200	81	15	124	257	92	204	216	69	187	241	151
G[C>A]C	25	57	136	85	125	209	32	28	1563	24	25	19	924	27	1222	88	20	181	74	23	176	96	94	100	126	28	50	53	249	31	3	111	107	65	24	38	96	134	239	79	48	31	28	60	54	33	12	60	68	28	83	57	31	70	70	36
G[C>A]G	12	14	27	13	50	54	6	14	665	16	3	9	396	7	471	28	3	75	24	9	19	29	22	23	37	7	25	17	69	9	3	37	37	17	10	11	19	31	73	10	25	11	9	13	18	7	2	19	17	13	16	24	5	10	22	14
G[C>A]T	28	114	207	49	179	265	56	75	1260	42	24	49	731	42	988	95	17	209	149	45	93	212	139	84	165	30	127	96	335	70	6	190	171	101	42	75	144	159	293	96	81	39	28	110	112	31	6	99	153	52	115	104	53	110	114	74
G[C>G]A	14	12	42	15	79	77	14	16	661	13	5	12	280	23	440	75	6	64	29	7	32	22	40	31	77	12	23	25	83	20	0	82	46	37	10	18	48	87	106	91	16	9	8	24	23	14	1	34	40	8	49	29	8	22	24	31
G[C>G]C	14	15	56	37	58	77	13	14	575	8	8	12	289	15	376	56	5	58	23	10	56	22	65	39	51	11	17	25	80	11	2	48	53	32	5	20	48	71	105	70	9	8	9	29	31	17	2	22	28	10	36	41	6	23	23	13
G[C>G]G	4	7	8	3	18	16	4	7	323	4	2	3	141	4	213	22	2	22	4	1	5	7	11	6	9	3	6	3	27	9	0	19	11	10	4	3	19	14	39	16	6	2	3	5	7	5	0	5	13	2	6	7	4	4	11	5
G[C>G]T	16	29	93	22	63	157	14	23	423	6	6	15	228	29	308	112	7	86	40	14	55	32	66	60	118	12	30	24	163	14	1	90	90	46	12	27	58	155	156	142	10	7	12	31	47	12	3	33	40	17	60	36	13	16	44	15
G[C>T]A	58	90	257	78	244	279	98	88	883	81	52	68	636	143	707	303	45	181	228	50	141	124	227	149	188	61	113	92	380	64	7	212	257	203	58	129	165	348	386	270	89	57	55	141	152	59	11	118	176	68	231	194	65	104	144	103
G[C>T]C	43	95	249	88	232	245	88	60	702	79	61	65	470	85	503	201	37	183	193	50	144	124	197	118	188	61	100	74	385	57	7	157	200	194	53	130	140	219	322	154	71	54	71	116	128	39	11	111	186	54	138	161	50	105	130	86
G[C>T]G	126	321	424	214	387	356	208	214	388	256	151	140	322	244	289	282	226	135	638	159	278	234	286	149	381	149	259	102	280	173	26	291	337	420	137	417	279	281	212	229	248	141	134	284	374	109	30	199	320	139	312	354	130	226	319	212
G[C>T]T	52	117	241	69	226	277	77	81	757	88	71	71	534	87	618	269	33	191	203	58	117	111	186	134	183	55	87	83	409	75	6	148	223	191	45	104	171	272	316	179	83	53	55	114	110	38	11	102	144	59	168	203	49	96	126	84
G[T>A]A	5	19	53	12	96	91	14	10	772	10	8	10	486	11	501	43	8	90	18	7	31	36	41	35	53	9	9	32	94	21	0	34	56	31	3	15	39	82	164	31	19	9	5	17	21	10	1	24	16	8	23	18	13	14	29	18
G[T>A]C	14	14	59	21	68	65	8	15	301	14	10	6	187	7	191	33	6	40	29	5	48	29	46	32	41	13	13	17	83	17	1	49	48	38	4	15	24	56	105	25	18	6	9	18	22	6	0	16	24	11	17	22	8	18	17	16
G[T>A]G	13	19	48	16	84	90	13	14	883	15	11	12	574	13	581	45	6	88	21	7	31	26	50	36	52	5	23	31	111	19	1	47	51	33	3	22	43	66	149	34	26	12	8	17	26	7	7	24	24	11	33	16	7	19	27	11
G[T>A]T	19	19	73	21	96	107	12	18	526	21	14	11	340	26	319	49	7	73	37	6	26	33	62	41	63	6	18	31	121	27	0	65	76	92	7	40	60	91	210	51	20	14	11	17	25	18	6	28	52	17	31	32	9	14	26	18
G[T>C]A	35	54	171	39	244	177	49	47	818	35	16	34	560	38	599	109	26	146	103	25	74	95	145	67	182	20	58	77	185	47	6	97	162	101	24	52	119	163	222	67	40	38	31	44	68	19	11	87	124	25	82	96	41	49	60	48
G[T>C]C	20	42	109	58	111	110	39	32	183	37	27	26	140	19	153	63	17	55	76	23	61	40	72	50	104	30	34	41	95	23	5	73	87	98	22	37	58	83	143	60	30	16	13	44	51	20	5	45	99	28	64	86	30	40	47	48
G[T>C]G	22	36	113	28	120	115	18	27	499	28	53	25	401	38	425	78	66	82	77	18	48	36	82	53	113	23	40	57	126	34	1	66	80	79	19	712	148	96	159	51	39	19	28	58	60	21	1	56	99	21	56	66	28	34	56	31
G[T>C]T	32	62	178	42	219	201	42	48	516	55	26	31	322	49	339	151	26	111	97	25	70	90	141	77	159	29	50	76	221	48	4	124	182	133	45	51	93	201	306	74	48	30	22	69	76	35	9	91	95	25	91	96	45	60	73	51
G[T>G]A	5	9	30	11	29	42	6	8	156	4	11	3	72	8	97	10	2	19	5	2	11	11	26	18	30	3	9	16	35	6	0	32	19	23	2	9	31	30	58	25	10	6	5	17	12	5	0	9	31	4	18	17	3	12	7	9
G[T>G]C	6	4	16	12	21	22	7	0	71	7	6	6	49	3	39	12	3	15	26	2	27	14	16	11	19	2	8	9	33	3	0	24	14	8	2	13	15	14	29	16	2	3	5	13	13	3	2	9	19	3	9	18	4	8	8	7
G[T>G]G	6	15	41	20	43	66	15	18	319	13	19	11	172	15	185	29	8	38	26	13	30	17	41	27	48	10	14	31	88	19	3	56	35	38	14	91	39	51	82	51	12	8	11	23	27	8	0	13	38	9	26	34	14	24	18	14
G[T>G]T	15	25	70	17	42	69	16	18	135	4	27	12	88	11	87	30	3	41	196	13	43	24	40	37	66	6	38	37	68	33	2	67	53	67	7	17	60	97	106	55	8	9	13	48	35	26	5	29	92	15	41	91	28	21	25	34
T[C>A]A	73	208	317	103	323	619	151	103	2724	79	79	132	1530	394	2112	1118	55	345	380	72	201	210	259	255	311	46	170	177	874	72	13	387	375	316	67	274	277	1256	634	1316	99	89	52	276	205	63	15	148	193	106	414	276	70	144	309	113
T[C>A]C	54	100	191	84	210	370	86	57	2655	63	38	87	1552	167	1893	559	41	255	192	55	161	133	201	187	248	47	132	109	533	72	12	222	244	207	41	147	182	594	457	586	92	77	53	152	145	55	10	118	145	73	212	134	49	116	177	72
T[C>A]G	10	18	37	14	42	72	14	13	441	11	13	18	288	31	347	118	6	50	40	4	25	35	46	28	49	13	22	24	119	9	1	49	33	43	12	32	39	115	93	129	17	14	14	30	30	7	2	22	26	18	46	36	14	18	41	10
T[C>A]T	82	315	454	144	452	667	168	144	2800	91	100	130	1684	294	2082	822	82	385	497	107	218	343	374	306	419	87	284	223	931	114	18	456	412	319	138	290	332	948	720	794	153	105	63	273	280	108	24	186	346	114	361	342	104	241	355	155
T[C>G]A	216	461	325	99	230	1365	352	197	1532	158	274	632	767	1508	1096	7480	37	245	2198	53	322	183	162	613	732	59	146	321	1597	85	7	1284	1868	2228	41	646	419	6700	1318	7344	54	159	168	1164	332	38	17	114	138	246	3281	1159	174	173	1283	119
T[C>G]C	67	119	150	38	118	361	82	42	982	38	69	143	506	285	612	1658	14	118	431	22	88	73	128	146	249	22	38	95	386	30	5	336	439	475	23	134	145	1294	495	1539	21	35	36	288	119	14	6	63	66	69	601	235	39	70	227	42
T[C>G]G	17	19	34	3	18	92	24	22	194	16	14	29	115	42	147	346	4	28	80	4	22	11	21	28	41	8	12	30	133	11	0	86	92	112	5	22	31	389	118	437	2	10	7	74	17	9	0	14	20	15	176	69	9	22	81	12
T[C>G]T	292	526	629	129	421	1932	376	245	2008	191	281	602	1067	1593	1409	8006	65	468	2112	66	423	251	437	766	1080	72	228	360	2375	132	6	1599	1886	2070	47	802	538	7271	1723	7635	103	211	152	1299	421	54	32	224	201	353	3270	1148	208	245	1481	172
T[C>T]A	445	823	643	243	509	1497	493	356	1898	745	812	1438	1307	3026	1463	11323	207	318	5675	178	528	390	291	1530	739	152	311	562	2649	224	24	1401	2084	3906	126	1835	942	9531	1887	8523	222	331	251	1355	521	78	31	204	275	466	4352	1907	187	274	1680	356
T[C>T]C	141	308	433	169	386	675	164	139	1180	236	213	370	828	635	858	2295	66	221	1430	107	265	195	255	444	468	113	187	212	1397	120	22	443	694	901	113	458	339	1925	997	1744	150	109	109	418	270	72	15	132	232	180	946	624	65	215	428	171
T[C>T]G	119	291	275	132	255	337	174	164	285	314	184	199	220	625	224	1259	150	113	893	96	222	170	176	285	286	128	187	116	549	147	15	305	418	540	76	398	268	1307	366	1050	169	123	101	327	286	76	25	122	188	132	776	442	109	163	368	167
T[C>T]T	268	535	567	251	583	1084	269	222	1640	599	502	695	1076	1561	1386	5430	135	342	3104	128	378	339	337	934	618	140	279	330	1898	144	22	821	1388	1863	82	1090	620	4963	1234	3961	192	217	147	770	340	77	30	165	296	249	2253	1138	133	234	900	286
T[T>A]A	20	105	161	56	260	261	70	53	1035	26	28	24	616	36	610	84	17	152	148	13	95	65	163	88	169	29	55	77	228	34	4	96	217	117	35	60	182	213	373	104	37	19	32	112	102	24	10	62	214	36	105	143	42	65	78	86
T[T>A]C	15	11	106	38	137	171	17	23	409	23	11	18	236	30	248	73	3	74	39	15	65	50	111	58	101	7	34	34	188	21	1	81	128	85	8	18	56	107	236	51	23	8	18	36	29	10	2	39	53	13	45	39	15	20	30	23
T[T>A]G	11	19	65	26	92	118	15	11	626	12	4	10	421	15	478	58	6	88	32	3	33	27	71	32	88	6	15	38	123	10	1	65	79	62	10	20	55	85	169	45	21	7	13	27	34	5	4	31	35	12	33	37	13	14	32	17
T[T>A]T	35	70	183	67	246	246	45	42	828	34	48	31	580	58	471	120	28	146	105	15	99	114	189	103	178	24	78	68	318	55	4	145	231	257	20	65	141	195	524	95	48	18	27	98	65	25	6	64	129	22	74	92	30	46	86	37
T[T>C]A	21	52	204	33	291	258	40	48	888	45	22	42	562	48	690	99	15	147	96	23	84	79	171	100	207	22	50	94	248	50	5	136	207	95	28	59	121	185	327	72	51	27	22	73	87	24	12	89	134	25	86	104	51	61	76	44
T[T>C]C	26	63	155	37	137	178	44	60	321	36	15	28	200	30	244	70	19	99	117	15	70	73	116	54	161	20	63	83	149	59	4	91	127	115	17	56	79	113	248	53	43	21	27	81	74	29	6	56	140	35	78	80	27	40	64	47
T[T>C]G	11	26	92	24	100	100	23	21	426	18	38	20	249	41	379	57	122	90	59	11	56	42	60	42	97	18	31	42	131	27	1	79	70	57	12	1126	106	106	144	53	20	18	21	44	45	19	2	49	85	19	54	61	24	26	32	34
T[T>C]T	35	94	254	61	301	257	59	60	600	52	33	43	422	50	465	101	19	138	165	28	85	114	174	92	202	36	93	109	311	74	8	168	226	138	25	54	142	243	412	109	54	32	27	111	84	30	18	99	185	32	135	137	57	67	97	68
T[T>G]A	14	31	72	15	115	107	13	17	281	10	9	11	146	18	222	37	3	52	30	10	36	33	90	75	97	13	25	43	126	28	1	78	95	46	12	14	73	100	150	48	9	12	10	47	41	10	2	48	65	8	52	42	17	25	34	20
T[T>G]C	9	15	65	21	60	58	22	12	118	14	10	9	69	20	84	29	5	40	37	6	28	30	48	28	64	8	22	29	82	9	0	49	51	26	7	10	43	47	104	39	15	13	7	23	35	5	3	27	42	10	28	36	10	14	22	10
T[T>G]G	20	31	59	20	100	102	18	12	405	15	10	19	217	28	218	40	6	66	38	6	31	47	63	40	100	10	37	52	122	29	4	98	68	58	8	19	74	85	181	64	13	12	9	43	44	22	7	39	85	14	42	44	17	30	29	19
T[T>G]T	37	84	184	54	187	205	58	54	365	34	43	42	263	40	259	85	16	106	364	34	113	69	176	143	168	33	68	81	285	54	5	203	145	160	24	59	154	215	325	109	39	42	38	112	107	54	12	90	174	39	112	166	56	67	90	65
