Mutation Types	OV-AU_SP101515	OV-AU_SP101519	OV-AU_SP101521	OV-AU_SP101523	OV-AU_SP101526	OV-AU_SP101528	OV-AU_SP101532	OV-AU_SP101536	OV-AU_SP101540	OV-AU_SP101544	OV-AU_SP101548	OV-AU_SP101552	OV-AU_SP101558	OV-AU_SP101564	OV-AU_SP101572	OV-AU_SP101576	OV-AU_SP101580	OV-AU_SP101584	OV-AU_SP101588	OV-AU_SP101592	OV-AU_SP101596	OV-AU_SP101600	OV-AU_SP101604	OV-AU_SP101610	OV-AU_SP101616	OV-AU_SP101622	OV-AU_SP101628	OV-AU_SP101634	OV-AU_SP101642	OV-AU_SP101648	OV-AU_SP101654	OV-AU_SP101658	OV-AU_SP101662	OV-AU_SP101666	OV-AU_SP101670	OV-AU_SP101674	OV-AU_SP101678	OV-AU_SP101686	OV-AU_SP101690	OV-AU_SP101694	OV-AU_SP101700	OV-AU_SP101708	OV-AU_SP101716	OV-AU_SP101724	OV-AU_SP101732	OV-AU_SP101740	OV-AU_SP101795	OV-AU_SP101881	OV-AU_SP101891	OV-AU_SP101921	OV-AU_SP101931	OV-AU_SP102015	OV-AU_SP102035	OV-AU_SP102045	OV-AU_SP102055	OV-AU_SP102064	OV-AU_SP102074	OV-AU_SP102084	OV-AU_SP102090	OV-AU_SP102096	OV-AU_SP102103	OV-AU_SP102113	OV-AU_SP102123	OV-AU_SP102133	OV-AU_SP102143	OV-AU_SP102161	OV-AU_SP102168	OV-AU_SP102174	OV-AU_SP102187	OV-US_SP59707	OV-US_SP59761	OV-US_SP59803	OV-US_SP59860	OV-US_SP59938	OV-US_SP59950	OV-US_SP60001	OV-US_SP60243	OV-US_SP60322	OV-US_SP60362	OV-US_SP60610	OV-US_SP60842	OV-US_SP61343	OV-US_SP61453	OV-US_SP61703	OV-US_SP61713	OV-US_SP62110	OV-US_SP62450	OV-US_SP62616	OV-US_SP63356	OV-US_SP63546	OV-US_SP63716	OV-US_SP63796	OV-US_SP63966	OV-US_SP64036	OV-US_SP64296	OV-US_SP64546	OV-US_SP64976	OV-US_SP65376	OV-US_SP65807	OV-US_SP66159	OV-US_SP66687	OV-US_SP66960	OV-US_SP67346	OV-US_SP67428	OV-US_SP67609	OV-US_SP68348	OV-US_SP68659	OV-US_SP68725	OV-US_SP69077	OV-US_SP69155
A[C>A]A	139	131	108	162	193	196	228	92	77	175	131	441	156	90	101	183	223	149	135	139	108	47	155	170	254	254	213	243	271	210	211	37	140	186	367	105	301	139	358	331	169	99	304	364	403	369	242	183	300	158	272	270	187	385	66	198	99	170	157	99	170	114	171	289	213	167	102	228	220	40	124	177	203	280	492	265	133	130	96	79	225	138	104	207	196	175	89	317	168	202	98	148	117	204	292	136	169	356	302	288	166	84	281	199	278	205	130	116	373	108
A[C>A]C	102	114	75	103	151	172	211	65	59	107	131	402	128	82	56	131	139	137	105	130	84	33	125	169	236	221	152	168	250	176	166	44	136	151	276	114	268	92	284	253	150	110	231	423	441	322	221	211	258	134	202	326	123	483	58	139	81	160	120	75	89	127	80	183	171	109	71	154	179	19	77	143	161	146	359	239	107	93	78	55	208	97	73	166	123	176	52	326	141	163	75	95	87	172	320	103	148	263	258	263	131	65	181	167	274	169	101	113	310	56
A[C>A]G	19	16	7	16	21	13	19	10	18	28	16	45	16	10	6	22	25	24	8	19	9	3	11	24	53	20	22	12	39	27	15	8	17	25	38	19	36	20	32	38	19	14	46	31	45	45	22	24	36	24	34	31	19	42	7	19	20	20	47	11	30	10	26	47	18	19	10	22	29	4	16	26	24	20	47	36	15	16	12	6	22	21	19	33	13	16	6	26	20	25	17	10	11	24	38	10	26	37	23	46	23	14	27	19	44	20	8	12	49	21
A[C>A]T	100	104	65	88	164	146	147	41	70	126	118	437	123	88	54	128	108	116	98	102	71	41	124	151	226	198	134	165	260	146	150	33	107	147	223	121	239	96	293	215	159	96	198	307	419	290	166	163	207	118	203	230	121	359	48	132	74	120	116	77	131	96	125	214	146	137	80	149	215	26	95	130	167	148	368	246	115	88	73	60	180	102	82	156	108	168	33	318	101	175	66	93	73	141	269	86	164	248	248	263	133	53	168	139	257	164	104	72	302	60
A[C>G]A	92	88	60	106	183	132	95	24	42	79	73	263	101	63	34	157	81	91	106	88	77	13	89	101	192	210	96	114	264	118	85	13	86	97	230	106	245	66	197	141	103	81	212	127	169	312	117	131	192	90	211	200	103	234	30	101	52	99	82	66	55	106	80	157	117	78	46	138	153	16	63	96	103	107	313	176	69	106	47	26	139	75	56	68	94	72	29	186	79	122	57	60	66	76	167	106	81	205	130	156	76	32	162	94	172	121	58	54	234	36
A[C>G]C	51	48	40	58	102	65	51	27	26	50	41	143	45	29	16	77	45	37	60	39	43	7	51	37	98	104	48	70	174	47	59	9	44	71	101	57	120	33	103	83	51	36	104	64	96	183	89	61	108	41	108	122	59	166	15	64	27	46	53	32	25	46	46	73	51	48	20	85	70	5	45	63	67	56	162	115	38	62	20	11	55	30	22	60	42	50	21	116	57	73	15	27	35	36	94	42	43	124	88	75	42	22	75	56	123	65	31	32	130	22
A[C>G]G	13	12	18	13	45	19	22	6	19	48	14	39	13	14	5	49	14	24	20	35	33	3	22	14	119	33	28	19	64	30	18	3	16	15	38	13	31	16	27	25	11	24	90	29	38	53	22	25	47	16	49	41	12	51	3	24	24	20	51	20	21	12	39	127	20	20	3	34	48	2	17	51	20	18	81	27	16	44	22	5	30	16	20	35	19	15	8	46	30	24	13	22	16	9	39	12	21	60	17	114	25	12	24	18	70	16	15	15	48	29
A[C>G]T	90	73	52	106	187	118	113	44	26	76	95	250	83	65	25	167	71	94	89	98	67	18	89	74	202	186	96	112	293	115	79	20	84	96	203	83	240	69	204	166	105	71	185	135	178	296	129	135	181	83	203	199	94	255	20	89	75	69	107	64	59	108	64	183	103	103	42	149	185	15	70	145	76	93	302	151	62	132	39	23	126	61	48	64	95	88	42	193	77	122	42	54	46	85	170	91	91	203	163	120	68	30	129	82	150	115	45	41	265	42
A[C>T]A	105	147	128	121	211	154	173	86	109	158	120	384	111	97	88	201	130	175	109	150	106	36	128	140	271	228	155	146	245	165	190	47	128	157	250	112	299	149	295	283	127	107	211	284	317	344	189	147	240	151	219	247	134	350	68	132	116	120	173	125	147	107	148	400	147	151	108	173	190	49	88	196	235	130	410	215	115	93	103	76	165	144	119	183	132	235	70	292	147	168	102	100	125	138	210	140	150	268	216	229	140	79	231	144	250	143	100	93	334	87
A[C>T]C	61	76	59	69	114	87	88	54	66	73	69	172	71	40	44	89	87	81	77	71	57	29	77	64	103	101	99	83	151	86	88	27	63	83	131	60	168	64	162	121	80	62	110	116	144	183	93	75	143	74	132	126	80	206	36	71	54	99	71	59	73	78	54	193	72	77	59	94	91	21	68	94	102	91	208	147	69	56	50	43	89	70	58	79	79	105	33	154	97	83	58	63	74	84	108	51	72	146	135	128	75	58	108	79	120	94	83	56	148	43
A[C>T]G	131	127	171	130	330	181	211	221	329	256	174	160	129	152	234	275	176	283	294	212	168	75	173	125	262	135	260	159	224	151	229	107	117	159	280	93	281	288	378	460	170	186	411	268	221	248	160	153	282	272	310	176	146	262	154	109	222	254	254	245	183	123	199	523	185	228	194	210	141	120	173	288	376	105	388	230	133	113	184	118	196	181	202	280	181	328	162	215	217	264	127	198	327	143	189	136	163	273	225	193	195	208	364	118	229	168	116	110	265	192
A[C>T]T	112	110	109	101	176	146	128	76	87	106	97	348	89	63	61	167	126	128	120	133	90	35	107	173	297	186	114	148	271	133	161	40	91	125	226	102	270	93	326	230	129	114	246	268	292	323	170	129	239	133	245	210	115	284	55	123	69	117	134	95	116	97	85	206	152	113	86	132	168	40	94	161	194	102	404	227	85	93	83	52	178	123	84	149	111	175	41	304	140	166	78	97	99	144	240	93	120	306	215	234	127	75	160	114	235	156	104	94	293	76
A[T>A]A	37	56	46	48	71	72	76	47	40	66	62	154	59	52	29	62	66	61	49	67	47	22	42	56	107	90	67	66	129	62	82	13	65	64	108	50	143	43	153	111	58	53	137	134	167	144	98	64	132	86	77	110	59	150	26	60	45	80	101	46	49	45	45	568	62	66	38	70	91	25	43	103	72	98	168	97	45	48	40	23	84	59	49	72	65	68	24	116	57	81	43	41	44	51	97	41	67	121	93	87	68	30	90	48	111	76	54	36	139	44
A[T>A]C	37	60	31	38	69	67	62	31	20	55	54	159	57	38	23	44	53	58	37	49	42	12	43	64	90	82	69	59	107	62	53	8	37	56	107	45	103	40	91	82	58	34	97	136	149	135	66	73	107	61	74	96	59	141	23	61	34	44	55	32	46	55	28	211	66	52	27	60	72	19	41	55	76	49	145	84	31	27	21	18	72	30	36	59	49	59	17	138	56	71	28	38	34	57	90	37	54	97	107	83	47	25	82	54	99	63	42	38	100	40
A[T>A]G	55	65	35	45	84	107	90	30	25	61	71	201	76	56	19	75	60	55	51	60	37	22	75	74	110	122	81	113	126	84	89	25	68	83	158	75	139	42	144	123	63	45	114	125	181	159	114	87	145	81	108	127	67	176	26	73	47	71	91	38	53	52	50	183	98	75	43	89	96	19	66	61	87	59	186	127	52	49	38	31	88	50	44	67	61	83	25	124	68	95	42	51	35	77	134	55	70	150	152	118	61	30	97	67	135	96	55	56	152	32
A[T>A]T	64	91	71	83	128	99	128	49	49	87	90	263	72	55	34	110	78	99	96	94	73	24	81	92	193	165	96	82	183	95	129	22	79	80	161	75	176	83	202	190	101	69	162	197	240	198	106	100	193	101	153	165	85	200	39	83	76	98	127	75	61	71	81	1300	94	82	48	120	126	31	86	130	137	82	255	143	63	44	51	52	107	66	67	115	80	134	28	190	76	124	47	56	80	99	173	51	106	182	164	140	103	45	149	96	145	108	68	46	171	46
A[T>C]A	126	165	127	132	291	129	125	100	86	137	143	255	105	92	98	210	126	143	166	143	132	49	127	85	243	176	182	159	281	125	179	49	132	147	239	112	267	141	203	251	129	118	283	220	188	352	178	142	235	129	218	249	141	300	51	98	128	127	139	105	105	118	129	1985	148	136	92	250	187	45	111	204	158	129	356	184	99	87	64	92	168	112	110	156	111	168	84	203	117	177	101	116	117	137	159	89	171	231	175	157	125	101	150	139	203	140	99	91	238	65
A[T>C]C	55	67	57	54	138	70	55	34	28	56	64	162	53	29	28	95	63	53	84	76	60	20	67	34	141	94	74	102	176	44	89	16	54	51	123	75	121	36	128	102	64	38	127	97	106	165	73	66	90	49	116	135	57	136	21	57	44	49	63	45	54	63	40	804	75	47	39	118	130	13	54	60	83	59	194	120	49	50	33	28	90	37	45	77	47	54	27	118	51	84	32	61	42	57	101	38	81	115	91	99	42	33	73	62	94	58	35	36	137	28
A[T>C]G	92	107	102	66	199	100	99	63	67	83	84	193	81	58	34	129	106	94	121	96	101	24	83	76	154	127	135	124	203	89	128	29	102	110	193	99	185	57	149	190	84	70	231	116	129	236	98	101	138	67	153	170	90	250	35	74	80	86	90	79	58	88	102	1684	102	107	64	165	116	33	83	144	130	64	238	151	83	68	69	57	98	76	63	91	95	101	58	180	79	119	68	67	74	96	128	72	113	187	122	125	97	73	115	84	160	125	59	67	192	47
A[T>C]T	132	163	139	105	340	125	149	105	70	134	138	299	104	103	90	234	120	166	154	155	120	37	121	105	238	191	201	165	293	114	191	50	146	126	297	138	312	138	254	321	132	106	328	231	239	361	149	165	226	117	279	288	136	330	69	123	125	113	128	119	119	130	140	710	160	135	82	260	196	41	167	204	194	121	408	215	126	93	88	80	181	140	103	169	126	177	79	250	167	185	71	129	123	134	208	114	188	251	212	196	146	113	222	148	246	160	103	84	257	83
A[T>G]A	29	24	34	34	54	22	29	18	15	22	32	73	23	22	10	56	23	38	43	38	21	10	17	29	70	56	36	34	112	28	32	8	27	20	60	24	87	16	60	57	34	27	63	48	42	91	32	56	73	46	58	61	35	59	9	34	27	20	59	19	31	30	24	219	24	26	26	70	43	3	15	70	30	22	101	43	17	35	13	11	34	19	22	39	22	40	15	54	30	41	20	22	16	31	42	31	24	62	28	37	30	17	37	18	57	43	32	20	79	11
A[T>G]C	16	15	18	17	12	16	13	5	8	16	10	35	11	10	7	18	15	15	17	14	14	6	13	19	32	17	17	16	40	15	10	4	13	18	33	19	42	9	15	27	13	10	26	28	25	55	13	19	30	15	42	31	19	35	1	17	5	8	11	7	13	12	15	174	11	12	5	28	14	6	12	27	17	14	53	27	17	11	6	5	17	8	6	11	19	17	8	25	14	15	6	14	12	24	26	6	19	38	18	13	12	14	21	17	32	29	13	11	32	6
A[T>G]G	38	38	38	27	75	54	59	14	9	38	40	137	46	30	10	62	35	41	32	47	28	11	54	41	111	70	52	61	126	49	59	7	40	48	90	41	122	47	95	63	48	29	86	113	87	149	57	59	89	38	94	83	49	98	13	51	26	42	46	21	31	54	44	154	58	30	26	69	69	3	33	41	62	39	120	90	38	31	14	15	49	31	17	48	43	60	19	103	50	75	24	27	16	53	84	47	34	117	66	64	51	24	67	43	96	56	30	31	120	12
A[T>G]T	33	35	61	33	75	40	37	25	36	34	29	85	34	12	18	52	17	34	46	39	22	13	30	37	88	49	50	42	122	25	58	6	29	38	67	25	89	35	68	61	35	30	77	65	83	105	39	50	55	39	85	47	39	79	12	36	17	31	42	36	29	22	38	376	40	35	14	65	49	12	17	55	47	28	119	65	28	42	15	16	38	23	17	46	32	49	23	62	46	43	19	35	34	27	62	35	27	73	49	46	30	30	29	39	61	46	20	26	91	21
C[C>A]A	121	147	63	97	184	130	206	39	67	96	130	377	125	64	57	131	151	104	95	91	69	41	119	144	193	235	131	189	287	176	121	22	132	147	278	138	248	81	256	231	158	91	211	272	393	399	237	184	287	118	180	269	122	416	55	137	66	110	119	77	79	109	243	219	154	114	65	149	191	42	101	117	155	161	350	236	99	108	82	45	192	88	65	160	113	128	45	270	122	147	77	87	63	150	263	113	110	281	246	245	104	66	211	159	241	191	125	86	325	66
C[C>A]C	112	93	52	102	121	139	224	31	41	100	118	371	122	59	42	109	114	93	78	78	54	27	104	156	160	219	114	167	250	162	105	32	117	136	270	135	213	77	228	176	176	83	169	245	351	304	187	215	231	110	161	265	124	400	44	127	55	92	103	60	67	93	124	219	178	91	65	140	170	19	87	111	134	149	313	218	99	90	49	35	188	69	65	109	128	116	38	296	96	140	61	69	46	157	252	101	98	290	268	254	90	57	170	139	237	155	103	88	280	49
C[C>A]G	16	14	13	12	20	13	27	4	18	21	11	33	22	19	9	21	15	23	19	13	17	5	19	23	30	26	23	16	45	23	12	4	15	11	30	18	30	12	29	24	13	15	32	38	47	42	26	33	44	21	24	24	23	39	8	20	8	16	22	21	17	19	41	109	24	15	7	16	31	6	13	21	29	13	33	29	15	14	13	5	31	20	12	24	8	10	2	36	18	23	7	8	13	22	38	15	12	34	26	53	13	11	21	25	34	25	15	13	42	11
C[C>A]T	99	141	49	91	157	106	232	35	48	76	116	366	96	49	40	88	106	86	95	103	53	36	93	126	226	169	100	160	256	127	129	33	92	122	219	142	218	62	219	169	145	87	231	302	457	330	181	154	242	135	222	317	119	380	27	134	69	110	95	58	82	94	249	462	169	109	62	137	170	38	83	109	125	132	300	210	116	84	55	52	159	87	56	122	82	116	33	266	86	131	55	73	64	135	243	83	131	237	268	230	117	57	126	134	222	181	102	100	255	47
C[C>G]A	60	64	47	62	157	88	108	25	32	39	59	148	68	40	16	98	67	45	56	56	41	16	56	56	93	107	55	103	188	58	43	6	60	64	149	67	168	27	108	103	63	36	132	78	103	218	94	76	130	52	152	110	85	203	15	71	43	50	49	32	28	94	35	60	100	66	28	88	113	6	33	56	74	68	152	82	63	82	28	22	64	33	28	50	78	66	23	144	48	82	29	45	36	81	101	52	53	160	117	111	53	26	117	72	126	83	41	38	171	17
C[C>G]C	45	58	35	53	107	50	113	14	17	31	55	131	38	33	15	89	57	48	68	52	29	11	79	46	111	103	57	61	156	66	47	14	69	79	129	51	135	33	99	93	57	34	113	83	78	187	79	67	101	32	113	107	59	185	21	53	25	41	59	29	34	65	35	58	77	47	27	87	87	11	37	52	50	64	146	141	51	67	16	13	69	34	34	55	64	59	18	139	33	61	32	36	30	71	93	66	51	133	102	96	47	33	88	51	108	86	47	41	151	21
C[C>G]G	11	30	15	16	46	19	22	5	20	41	13	41	12	14	6	45	14	17	24	22	28	3	17	9	77	24	23	24	61	28	12	4	19	12	33	26	31	11	19	28	10	16	53	28	22	54	22	12	37	18	32	27	20	58	4	8	13	17	36	16	28	21	40	61	7	17	5	29	30	3	14	41	39	15	53	34	15	31	13	4	30	20	17	51	16	23	6	55	32	10	10	20	18	13	20	15	31	38	29	62	17	19	20	21	44	32	12	5	52	21
C[C>G]T	79	86	60	105	189	88	177	31	41	69	87	198	80	45	38	146	77	110	89	68	57	16	102	49	159	144	78	134	254	115	82	16	95	85	212	84	239	36	169	146	90	39	186	131	155	276	141	125	164	73	164	192	104	246	28	85	45	77	90	49	46	95	55	82	130	91	44	132	129	10	55	84	83	102	252	161	70	99	39	31	107	55	51	100	82	71	39	205	61	103	43	56	42	80	128	74	78	227	169	124	61	25	105	84	183	135	58	62	248	39
C[C>T]A	85	114	96	95	166	78	159	74	105	87	126	165	78	68	77	128	126	114	109	119	88	34	102	100	129	146	137	109	211	107	126	36	95	102	189	83	212	79	195	137	97	74	170	173	218	275	125	130	194	135	177	177	84	242	48	88	64	90	115	73	90	89	86	192	109	92	87	132	100	40	80	122	131	95	225	160	63	89	56	64	125	88	77	118	83	162	52	145	94	107	66	87	104	116	146	87	97	205	171	153	98	65	168	110	191	170	73	75	195	82
C[C>T]C	98	95	65	74	137	91	126	74	94	92	85	163	69	56	56	101	93	111	73	88	63	34	89	69	109	115	103	105	242	88	108	32	78	105	140	73	187	68	169	137	86	65	151	274	260	395	105	211	154	158	225	386	84	373	36	77	62	103	111	69	91	67	60	254	253	89	82	103	96	38	53	93	121	85	199	130	60	64	53	44	100	70	79	102	73	136	53	129	78	117	59	66	86	97	116	58	86	157	125	113	76	71	153	97	121	151	62	45	159	79
C[C>T]G	92	112	147	88	224	114	128	116	228	179	92	145	73	113	175	180	123	191	163	173	173	50	87	57	178	117	171	93	160	109	144	70	76	99	187	72	187	196	228	284	98	112	258	184	170	184	109	111	189	197	244	141	107	201	86	91	151	158	171	158	114	81	149	423	93	136	107	179	112	76	108	169	254	78	266	152	93	95	136	93	133	142	122	208	108	234	96	177	136	168	88	124	210	103	120	69	136	180	138	171	137	125	244	91	182	106	78	71	190	142
C[C>T]T	135	142	99	110	241	153	176	93	92	100	143	336	122	87	88	170	113	154	120	148	94	49	132	152	244	198	130	155	366	132	168	47	137	160	257	103	283	109	258	210	150	103	235	339	454	388	186	247	228	201	303	433	132	427	51	147	99	117	141	108	116	112	92	304	304	107	106	168	189	53	116	171	172	140	356	252	123	104	79	63	197	94	110	166	141	181	81	274	121	163	89	97	105	153	206	65	116	290	240	255	152	102	178	123	241	183	139	92	271	95
C[T>A]A	51	45	26	46	62	57	76	17	20	34	61	171	58	27	16	71	58	36	38	41	26	13	57	61	88	95	46	67	128	65	59	9	44	77	111	65	103	31	106	84	65	37	106	252	178	177	82	232	105	107	91	159	58	213	17	50	23	43	60	31	32	54	26	133	62	35	28	46	88	8	42	52	49	64	166	95	47	29	25	20	79	25	32	56	57	55	10	129	54	52	22	42	27	56	111	28	64	117	103	97	48	18	64	59	112	78	36	44	131	22
C[T>A]C	68	52	38	66	76	90	133	21	21	50	64	274	87	45	29	57	80	66	42	49	25	14	67	103	121	152	68	111	160	113	82	11	63	87	170	102	162	50	141	115	92	55	124	181	216	241	133	160	162	90	93	220	91	305	19	90	39	53	46	34	46	65	36	171	88	70	26	80	122	11	55	61	77	96	181	148	76	54	41	25	113	39	47	82	55	60	14	194	51	89	35	51	34	101	168	65	74	165	180	177	76	25	97	75	169	117	59	58	191	25
C[T>A]G	77	60	30	69	96	84	130	34	25	45	78	205	95	41	17	89	85	60	48	66	40	19	77	88	116	134	74	97	176	104	87	13	74	103	156	78	176	43	145	112	106	36	123	297	265	258	113	272	178	131	102	255	86	322	24	94	31	68	68	23	47	65	46	144	94	79	44	93	133	10	60	60	83	77	184	134	89	63	24	27	111	41	32	47	76	60	26	158	61	87	31	45	28	80	157	63	65	175	157	164	55	32	86	79	146	105	73	65	176	21
C[T>A]T	77	85	58	72	123	117	130	53	30	71	95	336	100	65	35	107	87	82	66	74	51	17	83	151	146	234	108	141	211	106	130	16	92	117	173	98	187	56	198	142	136	65	149	385	363	270	152	271	170	163	160	322	82	360	40	102	48	81	81	29	77	90	38	142	136	97	61	111	211	13	73	85	120	95	269	203	104	47	50	37	133	62	51	100	70	86	37	209	79	132	37	69	55	126	203	72	100	181	230	220	84	35	138	91	214	108	78	59	233	20
C[T>C]A	38	91	55	44	123	65	72	44	27	34	56	125	43	36	25	103	54	59	59	71	49	20	54	44	85	84	55	71	167	54	70	12	51	59	93	63	144	46	104	86	48	32	142	111	101	185	80	85	124	52	122	120	67	164	15	57	42	49	55	36	35	43	54	1157	64	59	25	101	99	8	37	77	48	39	149	100	42	62	46	35	64	44	35	44	58	37	22	105	50	80	34	41	49	53	80	49	71	107	65	93	50	21	86	40	98	74	48	37	131	21
C[T>C]C	80	100	55	55	183	84	96	28	32	45	59	238	58	42	23	118	80	37	66	81	50	19	77	76	161	115	73	94	328	83	109	18	66	92	151	110	164	61	152	136	81	53	159	152	130	291	111	93	155	50	159	194	67	211	28	79	56	50	70	32	54	93	35	859	101	64	40	127	187	12	66	73	63	71	256	146	61	89	45	33	89	43	42	82	64	53	24	207	44	125	33	54	57	99	128	62	94	192	116	127	67	30	95	63	156	78	72	51	211	33
C[T>C]G	59	102	48	51	118	42	52	29	32	41	53	130	40	33	21	94	66	51	57	71	55	26	56	50	98	89	74	93	214	56	71	16	49	55	106	53	145	43	94	101	67	38	153	107	91	202	94	77	106	33	99	120	57	151	23	70	37	38	63	35	34	61	47	1581	68	50	37	87	100	10	38	68	53	54	144	90	48	61	29	25	69	40	31	69	51	63	29	128	44	93	41	44	45	57	86	49	49	114	94	100	52	21	68	55	98	84	53	41	142	24
C[T>C]T	49	124	84	93	184	63	100	43	33	58	84	157	60	57	26	122	97	74	63	74	63	21	80	54	145	137	87	93	215	81	116	15	87	83	154	80	166	47	131	113	56	36	181	129	153	239	116	103	151	67	155	185	74	218	36	66	67	75	78	50	49	68	52	1314	113	93	51	143	126	22	61	78	96	66	238	121	79	64	42	33	79	64	47	97	72	67	42	144	75	97	46	66	50	84	124	51	88	152	121	129	72	48	129	80	135	106	62	41	164	42
C[T>G]A	17	25	26	17	45	20	23	11	11	11	18	56	22	23	4	21	18	16	17	26	28	11	20	16	46	33	19	31	64	20	21	6	24	26	49	21	55	11	36	26	16	15	33	49	35	74	27	30	37	22	46	43	27	57	4	22	19	21	18	13	13	27	14	113	28	23	9	39	27	1	12	27	24	17	60	30	15	19	7	6	24	15	14	22	26	26	11	36	22	33	10	14	15	15	30	18	21	38	34	37	18	9	42	18	38	23	12	21	51	9
C[T>G]C	22	34	21	31	64	37	35	16	15	13	21	81	19	12	7	40	40	26	22	19	28	1	19	26	59	51	30	44	93	23	32	8	28	26	54	22	73	24	44	33	26	21	53	46	42	114	35	26	59	19	59	52	44	85	8	33	15	19	37	18	27	38	17	374	38	23	16	49	41	7	25	26	27	29	82	49	17	33	11	7	33	7	3	28	27	28	10	70	29	29	9	21	20	36	45	24	30	66	51	43	23	11	39	26	44	31	23	19	73	9
C[T>G]G	30	50	38	59	101	61	67	18	13	39	53	150	46	14	13	69	46	41	47	63	28	11	31	39	113	90	36	70	170	51	43	4	46	58	92	54	118	28	78	69	46	29	116	75	104	181	76	66	102	39	80	115	62	144	14	42	23	40	51	17	33	53	32	413	59	45	16	77	74	7	53	41	46	42	161	106	50	43	31	13	60	23	21	49	59	45	11	130	31	60	23	43	20	59	86	32	46	105	63	71	41	19	63	42	89	60	36	32	135	23
C[T>G]T	32	102	70	42	145	49	46	29	16	40	44	122	41	21	17	60	39	39	50	48	28	11	45	26	71	58	56	52	128	39	69	13	32	43	77	36	109	31	85	54	47	29	92	105	75	128	57	56	64	51	95	96	65	112	11	35	25	28	46	36	25	48	30	515	52	38	30	81	70	9	24	62	46	41	118	79	41	34	24	19	40	33	24	64	37	41	16	111	47	60	20	25	40	48	85	33	53	82	64	70	49	35	77	47	73	52	29	20	110	16
G[C>A]A	75	58	69	70	111	94	120	33	70	74	96	209	83	42	48	98	136	69	59	81	55	27	70	100	117	131	93	93	161	104	98	21	61	81	178	58	163	51	160	133	80	63	204	297	427	193	105	239	147	164	155	186	107	303	42	89	59	104	71	58	67	77	194	104	94	86	41	81	102	34	56	93	114	110	225	151	71	73	55	39	114	64	50	114	70	107	28	185	79	90	67	59	71	95	163	74	93	176	143	155	66	46	128	93	177	105	84	67	190	33
G[C>A]C	80	59	46	69	99	106	111	25	43	50	95	225	88	48	24	89	87	68	58	64	33	22	66	91	110	146	71	103	148	91	84	13	88	84	184	62	183	48	141	125	95	45	124	322	430	218	132	228	160	212	110	230	111	314	20	86	46	77	76	36	40	58	54	156	110	66	49	72	116	14	54	69	80	94	183	121	63	48	37	17	98	47	44	81	86	81	16	181	83	69	56	44	59	107	182	59	68	170	153	139	95	28	101	109	147	95	64	66	199	39
G[C>A]G	12	9	11	11	18	15	11	3	16	28	13	26	9	12	9	21	21	17	6	10	11	2	14	15	24	15	19	20	25	15	8	3	16	11	35	13	26	11	27	20	12	6	28	23	31	29	19	16	27	13	21	20	10	39	7	11	15	12	20	14	18	9	22	42	11	15	10	12	21	8	11	20	24	15	30	24	14	14	11	4	19	17	9	19	11	25	9	28	14	10	10	10	19	16	29	10	22	24	18	33	13	15	19	15	32	22	12	17	24	15
G[C>A]T	60	66	56	76	90	84	118	21	39	62	81	212	59	42	25	88	78	64	56	54	48	27	60	99	109	141	83	103	162	115	106	15	74	82	133	68	137	42	154	103	86	68	128	272	271	210	129	186	126	113	131	165	86	270	34	95	35	79	61	44	61	72	189	181	98	69	54	89	94	26	53	72	99	105	211	119	71	57	32	17	118	57	30	76	60	97	27	165	66	91	43	43	59	98	165	59	78	161	165	154	60	40	104	93	175	102	65	60	164	29
G[C>G]A	50	46	26	49	81	43	44	10	20	28	37	89	37	27	16	48	41	35	44	46	36	8	42	42	87	88	56	54	136	54	36	12	56	53	94	67	129	26	68	59	46	17	77	58	76	165	51	77	82	45	72	104	65	125	9	37	26	33	34	18	16	32	33	66	69	34	18	70	74	2	39	44	39	61	127	76	39	51	17	15	43	19	17	35	43	30	18	81	40	58	20	21	31	38	72	41	35	106	79	61	34	19	65	43	88	55	20	34	133	21
G[C>G]C	52	41	22	40	74	35	60	12	17	23	38	92	30	23	11	51	35	33	40	41	20	6	45	34	68	76	46	43	140	39	49	9	51	44	94	46	90	15	71	55	50	31	84	153	111	202	49	204	93	151	76	144	48	222	13	44	19	24	46	29	30	31	26	70	53	29	16	50	66	8	30	45	45	31	134	79	31	45	14	16	38	13	19	30	49	27	15	84	40	44	15	29	13	42	75	44	32	87	62	63	28	13	63	34	73	51	24	24	99	10
G[C>G]G	6	10	8	13	23	14	15	3	10	24	13	17	5	2	2	24	11	7	9	20	13	4	20	15	62	19	9	15	44	11	8	0	14	11	20	10	16	5	10	9	1	5	31	21	11	48	15	8	33	8	16	14	13	32	3	12	13	6	14	9	4	10	11	44	10	6	2	8	25	3	5	33	9	12	31	13	8	14	4	3	15	8	4	20	11	12	2	22	21	10	11	6	6	12	22	8	19	30	19	37	8	9	14	9	39	13	7	8	38	4
G[C>G]T	51	55	30	71	141	84	83	19	35	33	60	147	56	42	21	91	63	59	63	69	38	14	74	59	116	144	58	89	206	81	54	11	55	57	166	59	145	39	120	79	75	45	105	166	163	262	87	153	146	111	132	191	85	225	22	70	32	34	51	36	32	63	43	65	94	56	24	98	121	10	44	51	60	88	171	109	53	77	16	17	83	34	35	48	85	45	14	142	39	67	31	44	34	75	115	74	68	137	112	89	37	21	77	72	151	87	55	48	195	21
G[C>T]A	107	96	79	108	170	118	140	68	81	77	88	188	105	47	54	125	97	105	87	96	64	38	96	87	116	193	103	101	212	98	129	24	87	120	203	74	230	51	201	135	103	77	160	241	297	256	119	205	202	181	136	200	116	334	40	86	65	88	114	75	74	93	83	222	119	104	74	124	119	36	56	103	147	89	206	161	76	89	63	43	132	74	54	97	93	148	46	167	102	98	72	68	113	122	171	72	99	214	164	133	80	81	155	110	188	138	84	76	235	68
G[C>T]C	91	95	71	72	128	91	117	63	91	124	95	162	62	58	51	119	101	100	59	69	73	34	90	64	113	140	123	91	158	116	105	34	86	101	159	73	170	76	217	142	95	63	135	197	225	200	129	177	167	110	167	153	97	301	44	89	64	81	119	68	81	66	76	527	105	76	80	102	86	34	43	122	143	85	207	129	64	77	47	45	103	77	64	99	87	118	38	167	98	114	70	66	112	100	121	93	106	166	146	132	89	71	134	100	149	114	75	53	162	71
G[C>T]G	86	131	143	90	268	128	157	169	227	167	125	146	94	117	178	218	122	185	214	166	140	67	132	85	189	119	195	124	157	112	175	60	105	119	217	66	219	239	273	346	120	123	327	214	169	204	113	139	199	238	231	141	110	217	102	65	154	209	208	172	164	85	161	1319	126	153	125	210	101	82	150	217	261	98	285	143	93	72	138	120	127	171	135	219	92	292	102	178	120	204	96	137	240	115	149	85	131	204	159	137	125	122	274	93	177	129	61	76	184	133
G[C>T]T	76	116	69	80	121	110	123	59	74	87	79	223	82	58	57	120	102	133	76	96	82	35	106	107	149	152	102	109	220	113	138	27	84	115	161	89	217	83	190	160	105	61	185	232	271	235	111	170	158	146	164	163	108	267	43	86	70	91	121	94	100	95	73	387	122	74	63	108	118	38	71	117	136	88	270	134	84	58	58	45	131	97	81	130	74	129	45	188	123	113	73	80	106	109	164	87	101	202	151	152	101	83	132	103	171	128	78	68	202	67
G[T>A]A	31	39	25	38	40	46	43	12	12	25	33	132	45	15	17	45	30	30	32	23	33	9	38	35	64	72	36	57	87	61	47	6	38	41	80	41	98	22	77	43	43	24	69	67	94	86	59	49	85	33	60	88	41	132	12	45	13	32	40	19	19	25	21	189	40	20	16	38	68	1	26	44	46	36	102	76	31	23	21	14	57	22	12	56	31	48	14	99	29	46	25	20	27	50	84	22	45	89	71	75	35	19	61	45	75	43	32	38	85	31
G[T>A]C	25	38	15	30	48	42	57	11	15	33	49	103	49	18	8	31	40	32	26	26	18	8	31	55	60	78	44	55	62	49	47	6	37	41	89	33	86	19	49	49	41	21	69	78	120	111	56	60	73	38	47	81	26	131	12	40	15	42	24	19	18	24	15	109	39	34	21	38	45	5	37	18	33	39	89	69	37	37	15	9	53	21	11	44	25	29	8	82	32	39	19	24	17	56	70	26	42	82	79	63	27	14	47	36	80	51	29	27	92	10
G[T>A]G	43	44	15	42	54	50	77	17	19	36	58	118	53	31	14	47	59	32	26	36	21	14	33	60	67	107	45	62	92	58	45	9	69	62	96	60	101	26	84	65	52	34	79	91	111	152	86	62	120	47	64	106	58	154	14	34	18	42	34	20	28	51	34	218	54	56	23	43	70	7	43	32	37	55	122	94	51	30	28	19	73	31	22	45	43	41	14	100	46	55	19	26	21	57	111	40	36	108	95	94	49	19	58	58	100	54	41	38	117	18
G[T>A]T	64	47	32	51	93	86	92	28	13	55	71	220	64	28	24	67	57	46	45	40	40	8	54	79	119	120	56	100	127	74	60	11	65	75	159	84	105	43	114	138	74	41	119	141	193	166	106	81	145	41	87	159	60	212	20	85	51	62	41	26	59	49	37	169	91	64	35	85	112	6	71	54	104	74	168	141	61	50	32	27	118	46	36	63	59	68	17	142	43	98	35	43	28	90	119	55	90	135	155	156	67	27	90	73	134	65	56	56	187	23
G[T>C]A	62	97	56	62	129	55	69	44	41	54	57	105	41	36	32	103	48	66	75	78	45	25	52	45	103	81	75	67	200	58	89	17	81	51	125	78	134	49	105	129	47	39	133	85	75	177	79	81	113	63	113	123	70	159	28	44	50	39	69	45	46	53	41	1672	64	59	39	94	92	19	45	81	104	61	151	100	51	56	36	21	63	42	50	81	63	75	26	97	63	89	24	55	51	64	76	58	72	99	92	84	58	38	57	67	82	75	33	39	143	31
G[T>C]C	34	64	26	29	99	30	33	26	20	40	34	141	27	23	31	64	41	38	47	45	33	11	40	38	80	78	35	55	143	34	73	11	28	45	86	53	71	36	76	74	37	30	78	112	81	132	71	73	70	66	106	99	32	147	19	54	26	19	40	30	28	40	16	713	39	42	12	74	79	10	32	44	46	36	135	83	46	39	19	18	48	38	21	41	28	42	22	83	25	70	26	38	37	30	68	23	52	73	65	66	55	22	35	35	74	34	27	21	90	19
G[T>C]G	50	86	35	57	116	46	56	35	26	45	55	88	41	22	17	82	46	45	49	49	48	24	47	43	76	81	56	73	158	52	74	12	47	57	104	54	117	30	77	98	38	31	134	51	61	155	55	63	92	30	73	77	54	146	13	57	39	24	44	39	34	42	33	1452	51	44	23	77	73	16	46	56	62	45	125	72	44	54	14	14	52	39	40	60	45	44	25	69	59	71	29	44	33	52	75	34	54	73	75	62	56	29	44	50	116	62	39	33	110	15
G[T>C]T	75	116	50	49	176	65	64	59	47	57	72	178	62	49	40	138	80	87	101	78	50	20	55	65	117	119	97	102	190	68	104	32	80	80	142	115	164	78	126	163	57	59	165	114	95	203	105	95	108	61	152	139	74	170	31	58	42	54	84	61	50	58	61	882	70	87	61	182	123	20	68	107	111	73	178	107	69	65	48	44	86	57	42	106	64	101	46	118	59	104	52	64	63	89	104	54	101	131	94	108	66	59	80	74	131	89	55	40	145	42
G[T>G]A	8	17	25	27	40	28	24	13	4	14	16	37	14	9	7	30	17	15	19	14	15	4	25	23	34	52	29	25	57	21	24	4	14	21	49	23	48	10	28	19	23	17	56	38	34	79	28	22	38	13	39	46	27	41	2	13	12	13	21	12	14	18	14	85	20	19	7	34	34	0	15	26	14	15	61	37	16	15	4	5	23	6	10	27	15	19	7	46	18	15	11	15	8	10	30	17	22	58	30	25	22	10	30	11	32	29	14	13	43	10
G[T>G]C	7	15	12	15	31	16	10	6	5	11	12	44	11	5	2	19	15	15	14	13	9	3	4	10	35	29	14	25	35	17	15	3	9	16	25	13	33	7	23	9	15	6	23	57	37	64	19	26	29	25	26	34	20	42	7	12	8	16	10	10	7	22	3	95	11	7	8	24	23	1	10	16	16	22	43	26	12	12	9	5	14	7	10	13	15	14	4	32	18	16	9	8	10	13	27	12	17	34	19	22	11	8	15	8	32	14	11	6	37	5
G[T>G]G	52	40	44	46	89	66	64	18	13	32	38	118	46	29	9	62	46	45	49	48	33	7	46	45	118	71	41	72	116	56	58	14	42	54	95	45	122	16	76	59	47	17	79	73	87	169	75	66	83	64	96	103	62	149	17	48	29	41	35	32	40	50	18	155	48	55	16	78	65	4	40	38	48	56	118	81	30	57	18	16	58	26	28	39	47	35	15	130	28	60	27	37	19	47	99	40	41	146	61	78	46	23	63	57	92	66	36	38	115	15
G[T>G]T	32	44	38	33	76	34	32	11	10	21	23	80	27	17	13	45	32	28	45	41	28	4	41	40	76	49	33	37	120	22	52	6	22	48	59	22	82	16	51	41	34	24	76	54	75	112	40	38	72	31	78	61	43	89	9	23	21	26	41	28	24	28	15	514	38	26	9	49	58	5	27	35	44	40	107	83	24	40	11	11	29	23	12	40	25	40	11	78	43	35	17	26	22	32	46	35	27	94	50	53	30	19	61	27	54	32	18	23	71	18
T[C>A]A	86	86	91	97	334	110	160	56	84	105	90	270	93	82	50	155	120	96	104	96	78	34	97	124	156	164	119	160	235	126	151	19	91	94	193	83	229	74	248	188	118	78	182	257	303	252	202	129	219	248	254	242	120	282	55	102	96	103	178	82	79	72	311	249	132	110	73	155	136	37	83	174	168	118	327	186	98	81	69	46	202	82	94	130	109	208	31	234	100	146	73	92	98	138	198	81	100	238	168	216	85	51	164	143	186	176	99	60	220	54
T[C>A]C	117	91	87	130	205	141	164	53	77	94	117	281	86	57	61	137	117	95	71	86	69	37	104	117	173	178	111	135	213	134	105	23	104	123	206	105	210	73	240	205	124	70	213	213	250	292	215	161	216	138	213	215	102	322	46	117	71	109	126	83	78	96	201	143	125	116	75	166	130	28	71	135	161	125	309	168	96	86	57	44	184	69	97	148	110	171	42	243	102	129	80	85	92	138	203	87	116	255	212	176	95	68	150	158	230	197	94	79	242	58
T[C>A]G	18	11	20	15	45	10	33	7	20	15	11	25	12	9	11	16	15	19	15	12	9	6	22	12	20	19	12	19	24	16	18	6	14	17	29	10	21	11	32	29	8	5	25	23	33	17	28	16	23	20	36	19	17	35	2	16	9	11	25	20	21	7	43	48	22	25	16	22	18	5	9	24	24	10	39	19	19	17	9	6	22	6	12	24	11	17	4	26	22	16	11	5	20	18	23	7	7	29	18	30	9	12	16	15	21	18	10	8	29	11
T[C>A]T	118	122	130	109	241	111	186	56	161	132	125	318	108	96	60	196	143	130	96	101	87	61	136	170	201	169	170	176	266	168	178	29	113	141	232	105	258	106	265	206	146	102	313	351	378	301	224	190	239	208	283	263	154	351	64	160	99	125	160	98	112	109	459	357	148	133	80	145	161	46	111	167	184	157	332	200	92	96	106	45	221	91	116	182	127	228	41	283	140	174	78	99	155	171	265	80	164	284	229	262	138	97	168	159	244	213	92	81	282	55
T[C>G]A	165	70	158	166	2025	86	145	45	82	78	114	253	71	418	41	282	108	100	97	115	89	32	137	111	188	157	99	211	393	124	93	22	109	100	183	111	302	48	185	193	127	52	216	332	191	358	292	194	197	574	546	298	96	299	41	104	81	94	261	70	78	157	93	457	196	222	40	201	248	6	114	84	160	148	237	205	134	164	52	62	209	60	125	58	94	152	51	151	75	218	61	88	104	167	131	89	111	287	209	174	76	67	142	115	218	249	67	59	386	60
T[C>G]C	104	80	78	90	505	78	114	30	41	44	75	194	50	113	27	168	82	60	60	69	56	14	90	86	112	138	108	143	265	80	74	10	78	95	161	101	230	36	149	111	99	52	155	147	120	265	144	125	177	140	218	193	116	258	23	93	59	60	119	47	55	96	56	170	110	92	41	161	143	11	47	89	108	108	220	189	95	104	23	34	130	47	52	73	74	94	37	141	70	162	44	71	66	106	127	67	68	194	136	129	74	39	129	90	172	171	49	47	271	35
T[C>G]G	14	15	13	14	127	10	11	12	21	23	13	24	7	22	3	34	7	12	20	26	18	4	11	10	60	12	18	20	39	18	13	5	12	16	26	13	22	9	20	22	8	15	47	29	22	47	19	18	25	30	32	32	6	38	3	9	11	12	32	11	9	13	20	62	15	20	4	14	29	4	8	39	26	19	46	20	12	19	9	3	20	26	13	25	11	14	7	39	19	25	8	20	7	9	29	7	25	28	15	54	14	11	26	8	31	29	8	11	46	20
T[C>G]T	261	151	258	237	2041	172	258	105	147	142	201	447	111	468	95	458	200	184	164	202	130	55	207	178	297	227	195	325	639	214	148	29	195	178	276	178	496	101	392	333	225	86	373	545	352	523	439	323	351	747	721	509	219	493	56	208	160	159	366	115	123	256	169	683	298	294	87	349	322	23	163	168	263	248	509	390	222	235	85	102	373	104	200	155	206	231	92	248	130	385	113	167	204	273	222	150	193	468	361	288	140	88	182	238	384	391	152	63	615	95
T[C>T]A	172	170	223	172	1298	118	190	120	140	131	148	258	79	293	116	209	156	143	107	113	96	58	138	97	147	145	180	236	249	143	172	55	128	122	176	102	284	103	252	192	125	79	222	589	264	283	349	185	253	815	365	274	123	344	52	115	112	137	355	120	163	121	95	617	184	254	116	169	141	46	133	173	244	124	309	253	134	95	72	106	349	103	169	134	111	297	70	223	109	243	106	121	146	187	156	60	159	276	237	225	181	102	190	203	246	310	94	68	351	110
T[C>T]C	128	112	121	114	410	94	154	107	121	130	130	211	88	113	87	170	137	159	97	98	91	40	119	103	131	96	128	128	199	104	147	55	116	135	195	94	259	81	238	197	117	85	165	253	214	250	181	130	162	237	209	195	123	247	51	110	104	101	137	102	117	96	94	284	148	129	109	165	120	43	105	147	175	103	269	207	109	89	91	75	186	94	125	135	116	202	77	162	120	198	76	105	129	150	132	82	118	233	219	186	130	109	172	158	213	209	65	61	220	101
T[C>T]G	70	64	92	67	275	90	93	113	167	134	67	101	45	90	114	166	107	148	127	114	88	32	85	61	130	94	134	77	135	70	96	48	65	74	120	51	127	118	189	207	76	75	171	154	112	141	96	79	111	227	179	79	69	148	56	55	94	122	143	119	89	61	109	272	80	116	96	117	68	42	76	128	162	51	188	102	50	55	67	69	94	102	104	148	86	192	65	102	93	138	74	98	149	74	95	61	86	119	114	101	77	99	183	54	113	75	47	47	132	81
T[C>T]T	144	141	195	121	739	122	148	141	116	129	122	263	84	192	107	206	155	142	78	146	95	59	142	137	208	142	169	170	262	153	162	57	131	127	192	107	259	81	254	239	106	81	222	457	302	264	251	180	220	484	294	256	133	326	68	103	89	133	239	145	165	129	86	496	189	194	98	185	148	51	126	192	198	135	324	263	136	76	86	75	260	126	139	136	113	265	48	250	110	267	93	126	131	155	163	93	132	275	245	224	186	87	204	161	209	238	100	58	293	131
T[T>A]A	55	69	69	54	103	66	62	29	37	73	58	174	67	39	31	67	77	72	74	94	50	24	49	63	141	125	82	75	177	66	124	11	56	66	116	73	140	45	141	114	63	59	150	139	144	190	103	69	160	90	121	124	59	188	30	66	45	70	117	62	57	44	78	552	80	55	28	84	104	20	42	128	90	46	214	135	73	50	32	20	78	51	52	69	69	91	33	143	75	104	33	59	57	77	113	46	76	141	110	115	60	42	118	48	132	71	46	53	157	32
T[T>A]C	53	52	16	42	66	70	69	28	28	38	62	185	59	20	22	62	67	38	40	44	30	9	45	69	116	91	56	63	150	99	67	13	54	67	98	62	122	28	125	100	65	38	119	98	159	158	74	69	136	48	93	130	58	183	15	71	31	59	48	21	32	47	40	113	73	50	26	51	85	8	47	53	68	54	169	94	50	32	34	17	71	53	16	59	38	65	18	143	38	67	29	39	30	81	107	40	58	104	117	114	58	25	81	63	114	93	47	36	132	16
T[T>A]G	31	43	22	34	60	41	44	17	7	30	46	101	28	11	11	43	37	33	25	36	19	13	38	42	59	74	40	61	93	50	39	7	39	49	74	41	81	24	74	68	35	34	85	73	112	111	44	41	96	55	61	73	37	140	17	32	25	26	35	15	30	35	25	133	53	33	16	53	72	4	33	51	55	50	117	70	38	28	17	15	62	31	30	48	39	55	8	102	39	56	20	34	21	32	77	33	35	78	78	73	43	14	58	35	83	46	37	30	92	14
T[T>A]T	102	108	63	78	162	126	157	61	40	97	75	417	121	65	40	123	102	101	90	117	67	26	81	148	219	224	141	147	269	123	134	28	86	122	190	80	200	77	251	211	121	76	167	223	253	296	135	117	211	120	191	205	109	318	56	110	73	118	117	75	103	79	57	505	119	116	55	137	212	28	111	139	191	89	367	240	81	75	72	42	177	87	85	125	101	136	35	244	93	141	64	88	58	127	202	70	133	202	244	220	106	47	175	118	237	137	73	58	248	52
T[T>C]A	72	117	64	92	166	69	88	41	37	57	78	172	56	42	37	105	66	65	71	103	77	17	55	55	116	130	86	96	261	66	111	15	60	78	135	78	169	71	145	131	79	45	175	112	112	267	90	91	161	57	162	153	87	203	37	71	68	53	103	50	53	62	44	1192	85	66	45	128	109	14	50	108	82	67	217	90	65	91	33	30	80	52	47	89	49	72	19	127	79	115	39	45	57	75	99	56	114	128	102	91	92	41	82	49	107	83	61	26	181	22
T[T>C]C	56	99	49	64	154	71	58	27	23	53	46	190	30	31	27	109	55	59	68	84	59	16	50	80	161	116	89	86	295	55	125	12	44	60	114	61	148	57	137	92	63	56	157	105	119	240	71	81	157	53	179	135	44	162	16	58	45	54	68	45	45	45	42	1132	65	53	31	97	125	14	47	81	79	54	205	100	60	64	33	34	83	62	30	66	46	63	24	165	58	101	39	50	47	65	95	46	81	134	86	106	83	27	66	39	116	71	37	34	191	33
T[T>C]G	40	45	33	34	76	41	49	20	28	35	43	66	38	26	15	81	36	32	48	57	43	12	32	33	68	62	65	49	164	41	56	13	34	36	76	33	104	27	70	63	35	27	94	43	60	138	45	47	97	29	92	95	51	93	15	21	20	23	37	21	33	32	28	879	40	36	25	77	40	13	28	63	49	31	87	56	44	40	15	22	35	33	21	56	21	37	10	69	30	58	17	33	29	44	63	31	46	59	54	52	44	23	47	31	68	74	24	18	81	20
T[T>C]T	90	101	84	65	163	86	103	63	46	77	68	180	72	73	57	169	81	92	107	133	71	39	88	50	166	140	126	118	260	82	154	25	75	91	178	95	200	70	154	163	79	62	246	130	123	294	115	106	149	67	207	180	89	258	44	81	72	98	79	59	56	88	63	1652	84	89	55	149	144	23	93	136	131	102	282	145	86	63	47	44	86	87	58	107	85	109	50	152	90	145	55	79	75	108	126	66	119	166	136	126	89	66	129	66	148	113	62	62	225	45
T[T>G]A	28	26	35	38	101	26	41	17	18	32	37	73	26	19	14	52	23	36	41	47	36	15	37	26	71	64	37	37	162	42	51	10	27	40	70	30	103	24	70	43	39	26	81	58	64	143	44	61	79	53	81	76	43	81	10	40	30	42	59	26	23	41	32	85	31	33	23	92	57	8	21	68	46	33	120	100	20	32	11	9	36	24	27	30	36	38	17	72	39	48	16	31	21	47	60	33	34	74	51	47	29	20	70	35	78	44	27	12	75	15
T[T>G]C	24	32	25	21	49	18	31	21	6	20	29	67	20	19	10	39	20	30	28	30	27	4	16	33	55	50	26	44	93	34	39	10	7	30	49	17	79	19	47	34	34	17	63	42	41	99	36	33	61	22	77	63	41	90	7	33	16	23	27	23	16	25	11	120	25	23	15	48	40	4	22	47	24	24	91	36	23	26	11	10	36	15	22	29	31	32	15	61	37	32	18	29	22	32	46	37	35	58	44	46	26	9	27	38	50	43	20	22	59	8
T[T>G]G	46	72	46	45	89	52	42	11	16	45	38	140	41	27	13	82	38	59	52	61	29	14	51	46	119	78	57	73	178	51	64	5	39	40	63	39	103	40	118	62	51	36	121	90	100	198	73	60	138	29	110	112	49	133	21	51	25	46	45	31	37	52	26	209	44	26	25	75	89	8	35	52	40	52	146	80	43	35	19	16	53	23	19	52	36	46	16	115	49	76	20	27	18	58	88	45	53	111	69	72	34	24	62	31	107	57	31	37	132	19
T[T>G]T	70	76	86	73	163	83	60	39	46	69	57	170	58	46	36	115	65	103	91	89	65	33	70	72	160	103	97	95	235	65	108	16	46	80	169	73	185	60	149	111	80	63	173	145	119	220	92	91	139	97	189	142	90	185	19	68	39	53	83	75	54	76	69	596	91	76	37	142	119	19	57	97	103	67	253	115	60	76	43	32	86	64	57	101	83	69	29	160	78	90	30	64	54	82	115	60	100	127	102	88	67	37	88	70	128	102	50	35	163	38
