Mutation Types	PAEN-AU_SP102485	PAEN-AU_SP102489	PAEN-AU_SP102499	PAEN-AU_SP102507	PAEN-AU_SP102511	PAEN-AU_SP102517	PAEN-AU_SP102523	PAEN-AU_SP102529	PAEN-AU_SP102537	PAEN-AU_SP102541	PAEN-AU_SP102547	PAEN-AU_SP102561	PAEN-AU_SP102567	PAEN-AU_SP102573	PAEN-AU_SP102581	PAEN-AU_SP102591	PAEN-AU_SP102597	PAEN-AU_SP102605	PAEN-AU_SP102611	PAEN-AU_SP102617	PAEN-AU_SP106669	PAEN-AU_SP106718	PAEN-AU_SP106722	PAEN-AU_SP106734	PAEN-AU_SP106750	PAEN-AU_SP106753	PAEN-AU_SP106758	PAEN-AU_SP106797	PAEN-AU_SP106808	PAEN-AU_SP106815	PAEN-AU_SP117043	PAEN-AU_SP117085	PAEN-AU_SP117086	PAEN-AU_SP117223	PAEN-AU_SP117228	PAEN-AU_SP117294	PAEN-AU_SP117331	PAEN-AU_SP117493	PAEN-AU_SP117595	PAEN-AU_SP117667	PAEN-AU_SP117700	PAEN-AU_SP117758	PAEN-AU_SP117796	PAEN-AU_SP117951	PAEN-AU_SP117984	PAEN-AU_SP118043	PAEN-AU_SP118044	PAEN-IT_SP135274	PAEN-IT_SP135282	PAEN-IT_SP135288	PAEN-IT_SP135296	PAEN-IT_SP135305	PAEN-IT_SP135316	PAEN-IT_SP135324	PAEN-IT_SP135328	PAEN-IT_SP135334	PAEN-IT_SP135339	PAEN-IT_SP135346	PAEN-IT_SP135354	PAEN-IT_SP135363	PAEN-IT_SP135372	PAEN-IT_SP135389	PAEN-IT_SP135410	PAEN-IT_SP135416	PAEN-IT_SP135422	PAEN-IT_SP135434	PAEN-IT_SP135440	PAEN-IT_SP135444	PAEN-IT_SP135448	PAEN-IT_SP135451	PAEN-IT_SP135455	PAEN-IT_SP135460	PAEN-IT_SP135463	PAEN-IT_SP135468	PAEN-IT_SP135475	PAEN-IT_SP135478	PAEN-IT_SP135480	PAEN-IT_SP135484	PAEN-IT_SP135488	PAEN-IT_SP135492	PAEN-IT_SP135496
A[C>A]A	24	10	25	44	73	190	76	91	63	49	42	15	94	48	10	21	165	17	161	85	27	170	45	38	24	19	52	25	49	90	86	29	11	32	69	8	121	9	50	19	44	125	34	15	32	43	8	45	32	589	62	268	21	31	173	68	69	29	81	43	42	67	44	44	58	118	62	5	20	49	50	46	27	61	19	61	15	72	143	37	85
A[C>A]C	17	10	22	37	42	114	64	71	61	28	29	7	62	14	6	19	47	10	176	69	32	38	28	26	18	4	33	22	19	73	51	11	4	21	50	7	107	7	31	18	35	105	16	13	41	46	4	38	21	209	35	265	16	25	59	36	37	21	40	30	28	61	26	36	41	79	46	4	19	33	35	14	4	32	10	49	8	36	136	8	51
A[C>A]G	1	1	1	6	11	14	16	6	5	9	2	6	4	2	0	4	9	1	26	7	3	9	6	4	3	1	6	6	4	10	11	4	1	0	5	4	12	2	6	3	11	12	1	0	1	3	3	2	3	40	9	36	3	3	12	7	7	2	4	6	6	10	6	9	10	11	4	1	1	11	9	2	4	4	2	8	3	5	22	1	7
A[C>A]T	21	7	24	22	55	84	68	50	43	21	26	11	83	21	4	14	137	9	103	73	14	61	28	17	6	14	28	22	18	55	43	14	7	20	38	11	78	8	33	7	30	115	18	11	33	33	2	41	21	450	28	267	14	19	153	43	43	14	53	27	23	39	19	42	41	62	44	2	15	39	35	29	10	27	6	35	12	40	152	34	80
A[C>G]A	14	9	13	10	41	44	30	32	31	16	23	10	51	8	6	18	9	8	83	37	21	15	18	23	13	7	15	11	15	16	34	6	1	18	31	11	42	3	13	11	26	39	12	10	12	27	1	12	12	39	13	83	16	16	9	32	30	16	27	23	13	36	12	17	27	39	25	2	10	22	22	16	10	21	14	19	11	22	154	3	35
A[C>G]C	11	9	12	7	23	32	10	28	26	15	14	4	44	4	2	4	11	8	57	21	14	7	19	12	5	5	8	17	10	19	20	8	0	8	10	4	37	4	10	11	12	23	10	5	11	14	0	13	13	36	19	58	10	3	11	15	25	8	29	16	11	23	8	10	22	41	15	4	11	10	21	10	4	10	9	29	7	11	79	6	23
A[C>G]G	2	1	0	3	3	6	3	6	6	2	5	3	8	2	0	2	1	2	24	4	4	6	7	4	3	2	3	3	0	6	2	1	0	1	4	1	7	1	0	2	5	8	0	2	1	2	0	1	1	3	5	19	1	2	1	9	2	1	8	1	0	2	5	2	4	8	1	0	0	2	1	5	2	2	3	3	3	2	45	1	4
A[C>G]T	12	7	8	11	28	38	23	31	26	24	19	10	56	14	7	14	12	6	91	42	18	23	9	17	9	7	10	8	16	30	26	4	0	18	31	5	55	3	20	4	24	62	9	4	13	26	4	17	11	37	28	81	9	10	9	27	31	18	25	24	17	23	4	18	16	34	15	0	7	26	19	9	12	12	12	24	7	26	133	5	25
A[C>T]A	33	24	42	64	100	109	72	74	85	55	70	24	161	36	16	35	27	37	210	127	38	63	46	30	20	15	55	50	56	111	83	37	9	54	59	21	130	20	40	31	71	117	37	32	49	56	7	63	45	110	92	221	31	31	36	49	65	40	64	52	48	78	31	57	89	109	58	8	28	81	277	42	26	48	44	81	17	62	178	12	80
A[C>T]C	17	24	32	39	55	78	46	57	48	36	49	17	109	20	11	27	25	15	101	43	17	30	22	15	19	12	23	31	38	71	52	10	3	28	44	12	63	7	31	19	35	56	20	16	29	37	6	21	17	65	43	140	12	17	14	25	55	28	40	46	24	50	24	30	46	44	27	0	17	38	178	30	12	29	21	41	16	26	68	7	47
A[C>T]G	26	18	68	203	87	85	52	68	102	76	76	28	106	29	16	34	90	24	475	67	23	129	47	50	33	28	104	62	87	108	74	25	21	32	85	37	655	23	43	29	53	56	54	37	47	57	7	58	44	104	46	138	37	122	43	58	74	63	51	51	56	71	54	63	72	108	58	6	50	36	926	24	71	35	52	57	34	62	322	18	83
A[C>T]T	18	22	27	45	75	73	51	47	100	39	27	13	186	24	6	19	10	21	132	73	35	30	32	25	13	10	25	28	38	98	48	21	4	46	60	10	62	7	23	12	38	87	15	17	26	35	3	37	28	83	36	202	22	22	16	39	40	28	42	41	39	51	25	36	67	75	50	1	15	42	117	67	16	19	30	53	11	48	119	13	61
A[T>A]A	29	12	24	28	38	42	30	32	37	40	22	11	39	19	7	10	23	8	80	83	31	24	20	18	18	9	28	22	21	51	31	17	7	19	30	11	56	9	20	10	54	61	20	9	32	22	4	16	16	39	47	109	23	14	16	33	51	26	35	49	71	49	21	43	30	59	42	4	16	25	336	20	11	23	16	34	4	25	84	2	33
A[T>A]C	8	9	6	19	22	32	49	20	25	20	14	7	41	6	4	17	6	6	68	29	21	18	7	11	13	7	17	10	5	22	27	6	4	13	18	8	36	7	16	9	24	35	8	10	36	26	3	18	8	33	25	98	12	15	5	31	33	4	14	19	22	34	14	16	22	48	19	2	5	11	268	9	8	7	13	14	7	22	76	3	18
A[T>A]G	14	9	17	15	31	51	45	38	28	35	23	7	43	13	2	27	8	11	94	43	20	13	18	14	15	11	16	24	23	39	45	11	2	17	38	12	27	3	19	9	27	45	13	6	29	27	1	25	12	36	38	128	14	7	17	28	30	21	33	28	42	34	12	29	27	46	36	2	9	25	33	9	15	32	15	22	6	22	84	1	30
A[T>A]T	10	10	23	19	32	60	54	45	35	33	18	9	56	14	5	16	16	13	138	73	7	28	26	18	14	7	25	40	21	53	46	13	6	16	42	13	47	8	21	7	31	69	15	8	32	31	3	16	10	52	43	160	22	21	18	39	47	24	38	18	64	46	22	45	33	43	35	3	12	28	203	19	15	25	17	22	4	24	153	8	48
A[T>C]A	40	25	43	62	76	81	71	74	52	121	81	48	114	29	15	81	48	19	173	118	64	59	56	29	43	19	42	34	62	93	52	38	13	50	56	23	60	18	49	69	104	80	34	18	70	43	9	46	33	99	108	118	34	36	38	50	110	54	74	79	93	72	42	59	48	101	44	8	42	49	167	50	32	59	71	50	26	48	210	5	72
A[T>C]C	10	12	21	16	27	25	36	22	15	42	26	14	50	11	7	26	24	9	64	47	21	17	28	7	16	5	16	21	31	33	25	12	5	19	14	6	28	6	14	27	25	46	17	8	18	24	3	14	11	18	41	65	20	12	18	24	32	21	25	28	29	25	8	33	14	47	35	0	17	19	46	22	13	15	25	26	16	19	100	3	21
A[T>C]G	30	14	49	49	66	48	58	62	39	75	82	36	80	20	13	83	49	21	123	78	42	34	49	27	40	14	24	51	51	60	47	43	6	49	42	13	46	8	35	59	95	50	26	18	53	62	4	21	27	68	88	75	20	16	23	38	53	49	39	53	64	71	25	69	34	97	46	3	41	28	107	32	17	47	50	34	22	32	139	4	27
A[T>C]T	30	25	52	52	74	71	63	77	44	95	83	31	132	33	15	76	53	28	188	109	54	50	55	22	45	11	38	53	61	81	51	60	12	55	60	34	67	15	45	50	132	83	30	18	57	59	8	46	47	89	103	145	41	41	47	41	86	59	52	75	112	97	36	53	58	103	51	11	44	45	83	49	22	59	63	67	41	37	215	11	51
A[T>G]A	9	5	8	5	13	11	20	8	15	9	16	6	30	7	2	10	6	7	20	36	14	11	11	9	10	7	7	6	12	25	14	8	5	13	10	8	30	1	20	4	29	20	12	9	23	6	1	9	5	13	11	48	8	9	2	27	28	15	15	12	29	17	8	12	9	22	17	1	9	6	11	15	3	12	5	8	7	7	59	1	14
A[T>G]C	6	4	4	4	4	15	4	9	8	9	9	4	10	1	3	2	4	3	18	20	3	10	3	6	4	3	4	0	5	4	3	6	2	5	4	3	5	1	5	1	14	9	5	4	5	6	0	1	5	6	7	16	3	3	3	3	14	4	4	2	4	12	5	8	3	6	6	0	3	4	8	6	4	6	5	10	6	4	27	0	6
A[T>G]G	3	3	9	13	11	17	12	13	12	13	12	10	24	8	2	4	3	9	34	20	13	10	11	5	6	7	14	5	5	19	6	5	2	6	10	6	22	5	10	6	17	14	8	4	7	6	2	8	9	11	9	45	4	5	4	14	13	4	12	11	18	18	8	12	9	28	13	0	8	9	9	14	6	12	11	19	5	9	57	0	15
A[T>G]T	4	6	11	14	10	30	9	25	12	17	19	4	27	6	1	8	8	6	33	24	10	5	12	9	5	7	11	4	9	11	21	9	3	6	4	5	22	4	10	0	9	18	5	8	6	12	0	9	7	20	20	39	12	7	4	11	23	8	18	6	16	19	7	14	7	20	11	1	11	12	14	13	6	5	16	11	2	13	67	2	15
C[C>A]A	13	12	28	28	34	79	63	60	34	36	37	8	61	15	4	29	429	16	151	55	26	156	28	32	14	7	24	27	31	86	62	23	7	31	38	10	74	10	37	10	34	97	12	11	15	46	7	28	16	1420	34	247	23	10	412	39	49	20	53	26	28	36	28	56	54	60	52	2	18	38	74	26	9	21	19	37	7	70	126	48	58
C[C>A]C	19	7	16	15	47	73	53	45	50	23	22	8	64	8	8	21	149	8	125	51	16	28	20	15	9	9	15	17	30	39	56	8	3	23	29	7	81	8	20	9	23	95	14	8	18	31	2	30	10	459	46	266	22	16	146	36	43	17	43	28	14	40	20	44	52	59	24	3	15	26	98	14	4	21	10	40	8	41	96	25	55
C[C>A]G	3	1	9	2	5	17	3	6	5	6	7	2	9	4	1	6	37	1	20	8	1	6	3	2	4	0	2	0	3	13	6	3	0	5	4	1	10	1	7	2	4	6	4	1	3	4	0	5	1	125	9	30	3	3	46	3	8	0	6	6	3	3	6	8	7	5	9	1	1	3	16	6	2	3	2	8	1	8	21	7	8
C[C>A]T	12	7	18	19	33	78	58	49	41	14	28	3	50	15	10	19	543	4	122	55	14	64	19	26	13	7	23	17	24	48	52	18	5	16	28	6	85	3	35	5	41	100	13	17	13	28	1	37	17	1458	32	277	17	15	445	27	36	28	52	22	24	32	22	28	54	53	39	1	9	37	228	14	6	17	17	35	8	50	143	75	55
C[C>G]A	4	8	7	13	11	27	16	21	22	10	12	8	33	6	2	3	8	3	58	19	4	10	9	13	5	3	12	5	8	19	17	6	3	15	13	4	20	2	5	6	12	27	11	3	13	19	0	8	4	25	18	75	7	3	5	5	15	9	20	12	8	14	8	9	18	30	6	1	5	21	6	7	4	11	13	15	8	12	79	1	19
C[C>G]C	5	8	15	11	16	24	12	26	22	13	14	8	33	3	4	11	5	2	63	15	14	8	11	11	10	3	4	4	4	17	17	9	2	9	8	2	29	4	11	9	7	27	5	7	8	14	3	9	9	24	21	56	10	6	8	11	29	6	13	16	6	16	11	14	15	28	10	1	7	17	12	13	4	11	11	19	9	9	93	3	27
C[C>G]G	0	2	4	4	4	7	3	0	1	3	3	0	5	0	0	3	1	0	20	2	4	2	2	2	0	2	1	4	1	3	5	2	0	1	0	0	2	0	2	3	5	8	1	1	7	5	0	0	0	4	2	13	0	1	2	3	12	0	5	2	1	1	3	5	2	4	4	0	2	4	3	1	1	2	0	6	3	3	31	0	2
C[C>G]T	8	13	18	13	24	33	24	31	18	25	26	8	34	7	6	23	24	7	95	20	12	13	11	13	14	1	11	10	18	24	24	12	3	16	11	6	37	3	8	10	20	48	18	8	12	23	0	21	7	22	31	99	7	11	16	20	30	18	22	23	12	26	16	23	28	31	15	1	10	23	13	14	8	12	14	14	11	12	140	1	25
C[C>T]A	25	32	41	49	134	90	36	77	118	48	61	21	124	20	20	35	29	19	168	64	39	58	44	27	21	13	34	37	85	158	75	25	10	71	46	12	90	13	40	15	57	74	31	31	38	77	8	41	27	128	72	180	38	24	38	23	70	42	45	50	57	108	32	45	86	97	46	7	19	84	107	33	20	25	54	85	36	45	109	12	90
C[C>T]C	20	33	34	39	145	97	51	122	134	52	63	16	115	23	16	31	29	22	100	66	36	41	47	21	26	11	37	37	64	174	76	26	4	114	51	9	122	18	33	23	34	85	26	23	18	56	4	62	26	156	70	127	40	23	28	27	74	41	47	46	41	99	31	37	127	137	38	5	27	62	142	42	21	30	40	164	27	61	92	13	85
C[C>T]G	13	11	34	110	63	53	38	44	69	47	69	18	72	21	13	30	33	15	305	37	33	66	31	24	13	14	45	47	57	78	54	15	5	28	47	23	359	12	31	19	32	51	36	18	30	46	8	33	37	77	47	74	25	51	34	46	44	33	49	35	34	49	44	54	45	51	39	8	29	28	708	21	35	31	34	64	20	39	211	16	63
C[C>T]T	20	41	44	52	103	95	58	110	112	66	79	20	160	28	13	36	39	28	160	104	44	77	48	39	24	16	61	47	74	142	77	23	10	71	56	21	107	22	28	20	69	101	33	20	37	63	4	53	28	114	61	281	25	37	17	37	75	55	55	54	63	97	31	55	94	114	44	10	28	82	102	46	19	42	77	82	47	58	185	16	91
C[T>A]A	10	3	5	7	11	24	24	14	22	12	9	7	31	3	2	11	7	5	60	29	9	12	10	12	4	4	10	10	7	20	23	7	4	6	11	9	29	6	8	2	12	26	4	3	11	17	0	9	7	22	21	105	2	7	7	17	17	6	21	5	25	23	11	19	17	31	12	1	4	14	24	8	8	9	10	9	4	15	76	1	19
C[T>A]C	6	3	9	6	32	28	41	22	19	19	7	4	40	6	1	7	7	6	74	31	13	10	14	13	6	2	12	5	13	32	22	4	0	11	23	7	35	2	7	7	18	47	9	9	16	24	3	18	11	28	26	159	8	13	5	15	28	17	21	12	22	20	7	16	27	27	21	3	15	18	50	9	5	14	19	8	6	20	81	1	38
C[T>A]G	6	5	25	13	22	41	45	45	22	30	27	6	46	9	8	16	18	12	84	44	12	16	15	15	13	4	8	11	16	31	34	12	3	12	19	12	37	6	13	8	32	62	10	9	21	23	0	12	16	34	33	161	9	5	10	34	30	14	20	23	19	30	10	26	31	38	28	4	18	28	25	7	5	15	14	21	5	24	85	6	33
C[T>A]T	6	3	13	15	35	33	81	37	21	17	16	9	54	14	7	9	6	2	135	49	12	27	17	15	12	7	10	12	14	48	48	12	4	17	21	5	56	4	14	4	31	73	11	4	18	31	5	27	20	37	38	230	12	10	9	54	22	14	41	14	19	20	15	34	29	47	39	2	13	31	37	13	7	19	13	30	6	34	175	5	47
C[T>C]A	9	9	18	20	19	24	23	12	16	32	29	16	41	4	4	26	12	5	54	44	17	25	14	12	14	7	14	17	17	31	17	10	0	16	15	6	32	8	17	56	23	30	9	5	28	20	2	19	14	25	44	43	13	13	12	24	36	13	26	39	26	32	17	22	21	36	11	0	11	23	95	21	11	13	24	21	14	27	87	1	22
C[T>C]C	13	7	15	15	28	22	36	19	24	23	26	9	46	12	8	9	5	9	92	45	16	22	23	16	12	3	14	18	15	35	24	11	4	13	19	6	53	5	17	41	26	54	16	8	18	35	1	15	16	35	29	80	14	10	11	19	22	14	44	15	25	40	9	30	21	42	20	2	11	19	44	16	8	9	10	29	10	25	150	3	27
C[T>C]G	10	7	24	24	23	22	23	35	11	32	32	8	51	6	5	19	13	9	62	30	27	30	23	10	13	5	13	18	24	28	27	20	5	19	23	5	31	10	13	90	39	22	13	10	27	17	3	12	15	42	36	56	9	14	9	14	34	18	25	35	30	19	13	22	18	37	33	2	19	15	63	20	15	15	14	27	16	17	94	4	22
C[T>C]T	14	10	16	20	38	32	33	22	19	30	33	12	56	8	3	18	15	14	125	45	19	23	22	12	10	8	15	16	17	31	26	14	6	19	19	8	36	7	19	47	36	46	6	11	17	22	3	14	9	41	35	71	10	14	12	30	50	21	33	26	29	37	14	29	21	48	21	1	12	18	67	17	10	12	25	31	10	22	154	6	28
C[T>G]A	2	2	4	8	4	9	6	8	4	13	7	5	14	4	0	3	4	2	11	15	9	5	5	6	2	2	4	5	3	10	8	3	2	5	4	0	3	1	5	1	10	12	4	4	7	4	0	9	0	5	12	16	3	2	2	5	9	1	6	6	7	7	3	3	7	6	2	0	2	6	2	7	4	3	2	1	1	5	42	0	8
C[T>G]C	1	1	8	8	5	9	6	8	5	9	6	2	20	4	0	8	1	1	24	9	5	4	4	5	4	1	5	3	4	8	13	2	1	9	7	9	16	1	3	1	9	14	3	5	6	11	1	6	2	8	10	30	2	2	2	4	14	4	11	11	8	8	3	6	10	10	3	1	2	4	13	8	8	5	8	3	6	9	60	1	5
C[T>G]G	4	4	6	12	10	13	17	17	16	15	9	9	27	3	2	7	7	1	35	14	12	11	9	9	10	4	7	9	5	22	16	8	1	9	8	7	21	2	8	4	12	21	8	3	7	11	0	8	5	10	17	62	8	6	6	16	20	7	12	15	15	8	3	12	9	18	11	0	6	14	15	11	6	14	4	15	5	11	71	2	13
C[T>G]T	7	4	14	13	20	23	11	25	17	20	11	7	31	5	1	9	8	7	71	12	9	10	9	4	9	6	10	7	7	17	7	7	3	15	5	7	21	3	5	6	7	13	4	7	13	8	0	6	3	18	18	67	5	5	8	9	20	4	14	13	12	17	11	10	14	16	12	0	10	10	13	11	5	9	6	7	8	11	158	1	18
G[C>A]A	14	6	17	29	54	114	34	80	25	19	31	13	44	50	6	17	463	8	100	35	16	433	10	17	15	7	44	22	24	42	32	14	10	21	18	6	58	7	54	11	26	49	24	12	13	18	3	28	14	1754	26	164	15	17	598	22	47	17	50	27	24	41	20	36	29	44	27	3	28	24	55	10	4	15	13	24	10	87	74	77	49
G[C>A]C	15	6	7	13	23	52	26	30	26	16	19	5	35	17	4	6	133	4	101	34	18	41	9	13	10	6	18	15	18	35	33	6	1	16	12	5	52	4	19	7	12	50	13	6	17	25	1	17	9	499	31	147	11	7	185	14	47	9	28	18	22	27	12	24	27	39	19	1	4	24	48	10	8	25	10	19	11	29	59	26	31
G[C>A]G	1	0	4	1	9	17	8	11	10	6	5	0	5	4	0	4	21	4	19	4	1	14	3	2	0	1	1	2	5	10	10	1	0	2	2	2	17	3	6	0	3	5	5	4	5	1	0	6	3	98	7	21	4	4	43	2	11	3	3	1	1	7	2	6	6	6	4	0	3	5	14	3	1	3	2	6	2	6	10	6	4
G[C>A]T	9	5	23	18	28	64	40	37	24	17	16	11	39	30	8	12	550	7	81	33	12	165	7	9	13	5	26	14	14	40	29	13	3	13	13	5	58	3	32	3	18	64	15	13	13	25	5	22	12	1838	25	175	11	16	600	17	32	9	43	22	16	28	14	30	33	40	36	4	13	16	69	7	5	14	12	11	9	50	71	92	44
G[C>G]A	3	6	4	2	8	10	9	11	8	9	7	1	23	3	1	6	6	5	39	13	9	9	7	9	2	2	4	7	9	15	8	7	0	7	7	2	17	1	6	5	12	20	3	4	7	17	1	4	3	15	9	37	1	8	4	11	11	6	16	10	11	11	6	7	10	13	6	1	3	10	7	9	6	4	9	12	6	10	57	0	13
G[C>G]C	5	6	3	3	19	20	16	16	22	18	16	6	30	5	4	11	6	8	48	17	11	6	11	10	18	3	11	8	6	21	13	8	0	9	12	5	26	1	12	8	18	18	4	4	11	11	5	7	8	16	17	52	6	7	9	13	23	12	18	16	10	21	9	11	21	24	14	1	8	6	15	18	9	8	11	16	8	10	70	3	17
G[C>G]G	0	1	1	3	3	4	4	1	3	4	1	4	7	0	1	0	2	1	9	0	2	2	1	1	2	0	0	2	0	4	1	1	2	0	2	0	5	0	3	0	2	2	0	2	3	1	0	1	0	2	2	13	0	0	0	1	4	1	2	3	0	4	0	4	0	4	1	0	1	1	3	2	2	1	1	1	0	1	8	0	3
G[C>G]T	8	8	5	9	11	21	16	12	12	18	21	7	31	4	0	12	7	6	41	9	17	15	7	9	13	4	7	6	9	14	12	14	0	7	14	2	29	2	7	5	15	22	7	8	3	15	0	8	10	22	27	57	7	5	8	16	15	8	12	15	7	9	5	6	15	14	14	0	8	17	10	14	2	10	11	14	7	10	93	2	17
G[C>T]A	21	21	41	42	50	116	49	76	60	49	59	23	75	21	6	42	30	28	133	72	36	39	38	26	14	10	51	32	35	92	64	26	13	30	54	8	91	13	49	18	44	50	37	26	36	55	3	47	23	66	64	165	27	34	28	30	79	35	50	63	70	66	29	40	51	85	42	5	29	55	534	34	16	27	40	40	21	34	107	12	64
G[C>T]C	18	29	32	55	68	101	48	74	44	54	74	21	108	25	14	34	30	33	137	84	30	49	36	21	32	10	43	33	35	66	66	25	3	22	53	17	69	12	50	15	51	67	35	30	38	39	6	31	18	65	63	138	23	31	30	41	86	39	39	55	50	59	30	31	38	78	40	3	29	34	710	47	13	39	40	55	27	25	78	7	59
G[C>T]G	13	29	53	140	84	77	55	59	102	50	61	17	103	20	15	23	50	19	379	41	27	95	26	39	15	13	51	55	61	68	79	17	16	36	59	15	475	10	36	19	41	48	51	18	59	57	7	47	41	81	46	131	17	81	43	53	51	55	62	49	36	58	45	58	60	71	47	5	36	22	1198	19	31	16	33	43	22	52	271	13	62
G[C>T]T	16	26	34	33	45	70	54	59	58	36	63	15	123	36	15	22	25	26	122	93	32	43	56	33	23	16	36	52	27	68	51	20	7	33	46	14	71	24	46	22	38	61	29	30	20	42	1	28	23	78	59	166	24	24	14	32	70	32	39	63	57	59	33	27	45	79	38	8	18	43	467	38	11	36	45	46	18	40	126	6	65
G[T>A]A	6	2	2	9	10	21	21	12	14	11	13	2	16	2	1	12	3	4	42	23	5	7	6	4	5	2	7	4	10	19	14	4	3	4	14	3	13	1	7	7	10	18	4	5	11	10	1	12	7	15	12	54	4	13	3	10	14	8	7	7	13	14	11	16	14	18	13	0	5	6	50	4	5	13	3	7	3	9	43	1	10
G[T>A]C	1	3	7	7	9	20	16	10	12	5	14	2	26	3	2	4	4	3	43	9	5	4	4	4	6	3	5	4	7	16	8	8	1	1	11	6	9	1	5	3	14	19	2	3	14	5	1	7	4	19	19	48	3	7	3	9	9	6	12	7	4	13	7	6	13	19	6	2	9	9	95	5	3	9	8	13	3	11	50	1	19
G[T>A]G	4	5	7	11	16	28	21	32	11	25	13	11	17	5	2	10	4	6	34	21	9	8	4	1	7	5	12	9	9	25	22	13	3	11	14	6	23	0	12	4	19	29	9	7	11	20	0	12	4	21	9	71	7	8	5	15	16	9	15	15	13	15	4	14	12	32	16	3	10	10	37	10	7	18	10	11	3	20	55	1	14
G[T>A]T	3	7	7	10	16	27	36	23	16	12	13	4	33	7	2	12	1	9	66	30	10	15	13	10	7	3	13	9	3	19	21	7	4	6	16	5	35	7	12	7	12	46	8	3	14	15	1	19	5	19	14	139	6	7	10	30	13	7	12	16	22	20	10	14	13	27	17	2	4	11	31	7	7	18	8	12	3	16	93	1	22
G[T>C]A	16	14	24	37	40	38	44	34	29	49	47	18	48	9	7	24	16	11	83	68	17	20	12	13	14	7	22	26	14	32	27	14	0	18	13	8	26	10	15	54	46	43	14	15	35	18	3	17	19	42	69	34	12	18	22	29	50	22	24	31	62	38	18	28	19	54	21	2	18	18	201	17	21	29	28	30	14	17	142	5	28
G[T>C]C	6	5	9	21	19	17	27	21	12	22	25	9	41	1	3	14	5	11	67	33	13	19	25	7	16	4	7	14	13	19	18	16	2	8	14	5	25	7	16	23	13	26	10	6	15	23	1	10	11	21	15	44	7	10	16	15	39	10	16	13	20	28	11	24	15	27	21	1	12	8	95	7	9	13	21	14	12	29	113	1	14
G[T>C]G	11	6	21	17	26	24	31	44	24	60	34	16	53	8	10	54	21	9	63	49	26	21	29	15	20	4	16	44	27	28	26	23	3	18	22	12	23	4	33	52	49	41	21	11	19	23	0	6	9	27	62	56	14	18	13	18	36	19	22	45	35	24	20	35	29	30	33	6	19	10	122	21	18	25	25	17	20	27	90	5	23
G[T>C]T	13	11	26	30	33	52	40	50	34	57	49	21	61	7	9	33	17	20	103	60	29	23	32	14	16	11	38	34	32	51	31	14	2	18	26	17	25	8	33	28	47	41	18	20	42	32	1	22	18	40	58	74	23	21	25	26	46	32	46	32	99	48	22	36	28	47	32	5	21	18	134	24	21	35	64	38	22	41	162	2	32
G[T>G]A	3	0	3	3	2	4	2	5	7	8	5	3	13	0	1	5	1	0	26	10	4	5	1	4	3	2	3	0	2	6	4	2	0	5	6	3	10	0	3	3	4	11	4	1	5	2	0	3	0	1	4	20	1	3	0	6	8	4	7	5	10	5	7	4	6	4	1	0	2	5	5	3	7	1	7	4	3	1	40	1	4
G[T>G]C	1	2	1	1	1	2	4	2	1	3	3	1	9	1	0	6	4	1	17	5	4	5	2	1	2	1	5	2	3	3	2	4	2	0	5	1	9	1	3	2	6	4	2	0	8	4	0	3	1	3	5	21	4	1	0	5	9	4	6	3	8	4	2	1	1	6	2	1	1	3	5	4	1	2	5	1	2	2	23	0	2
G[T>G]G	4	2	6	10	15	16	16	12	11	9	9	2	21	3	4	4	2	10	46	15	8	26	31	13	25	20	8	14	24	14	10	9	4	9	14	4	19	4	9	5	11	37	6	6	11	15	2	13	7	13	13	48	5	7	10	21	10	16	18	17	17	13	5	16	14	22	15	0	12	10	4	7	5	8	11	9	12	17	53	6	10
G[T>G]T	3	2	7	7	6	12	6	5	9	5	7	8	23	5	1	2	2	3	34	8	5	7	2	3	3	3	3	3	5	3	7	4	2	6	13	3	15	5	10	5	6	14	3	1	4	9	0	4	4	10	6	33	2	1	2	15	10	6	10	9	18	17	2	12	4	16	6	1	6	10	12	8	6	3	7	4	4	14	77	0	9
T[C>A]A	15	8	14	20	52	122	31	65	54	30	26	13	58	24	3	15	1147	15	156	51	25	273	14	18	9	1	19	24	33	77	61	10	6	25	58	8	133	5	53	14	35	83	23	10	25	120	2	30	22	3812	35	200	16	26	1361	23	60	10	58	10	20	51	26	35	52	63	29	3	6	133	57	22	6	19	23	48	15	60	158	150	60
T[C>A]C	6	9	18	26	47	121	35	73	65	33	24	5	56	14	5	6	583	11	131	49	18	99	14	16	13	8	16	29	17	74	68	4	3	28	38	7	114	3	60	11	26	67	24	18	12	66	6	36	16	1964	29	247	11	22	827	27	61	16	60	41	24	64	17	36	61	69	36	3	14	57	111	22	9	15	19	37	12	41	125	82	64
T[C>A]G	3	1	2	6	7	18	1	10	10	8	7	1	11	0	0	1	108	1	20	5	3	29	4	1	2	0	12	5	5	10	6	2	1	4	5	1	23	0	5	3	0	6	2	0	4	9	1	7	3	383	10	25	1	2	111	5	13	3	10	3	2	10	4	4	8	12	5	0	1	16	12	4	1	2	3	5	5	9	16	7	8
T[C>A]T	17	14	34	35	66	164	53	79	65	36	31	11	67	34	4	13	1787	8	168	85	24	371	18	22	10	10	67	39	24	92	77	9	5	25	50	7	125	4	73	16	33	101	38	12	17	71	2	35	19	5141	58	280	17	24	1823	37	72	23	98	27	27	52	36	70	71	69	43	3	25	68	172	28	11	28	13	36	15	122	163	226	86
T[C>G]A	8	10	10	16	25	46	16	39	39	37	19	8	52	11	1	9	11	3	99	21	16	204	21	14	11	6	11	33	27	29	38	12	2	19	68	9	66	3	9	2	25	53	17	3	20	417	2	10	7	105	28	128	15	16	22	36	25	10	34	14	21	16	18	23	98	50	13	3	7	539	59	19	7	12	18	20	10	13	335	3	44
T[C>G]C	9	6	25	17	18	49	24	34	38	27	25	12	54	15	2	11	6	12	65	26	16	42	10	11	11	2	10	13	17	31	27	22	3	14	27	6	44	4	17	6	31	38	15	11	13	95	1	16	7	60	31	109	11	6	14	24	26	9	26	16	14	31	12	23	51	47	14	2	18	138	12	16	2	11	15	27	12	16	175	3	28
T[C>G]G	0	1	3	0	2	6	3	4	5	4	2	1	6	1	1	0	0	1	15	3	4	10	0	1	5	1	3	4	1	3	2	2	1	1	2	0	6	0	1	1	4	6	2	1	1	28	0	2	0	8	3	12	2	0	1	4	3	4	4	2	0	1	0	3	7	9	0	0	0	27	3	0	2	2	1	5	1	3	26	2	2
T[C>G]T	25	20	27	27	60	96	49	53	75	39	47	14	114	23	4	34	24	13	178	44	43	224	26	26	15	9	22	55	37	63	61	19	4	33	94	22	106	6	29	16	51	96	31	13	27	501	4	25	21	187	51	288	26	26	28	67	48	31	47	39	35	58	34	46	136	82	25	3	30	582	61	35	11	28	32	47	24	28	478	8	73
T[C>T]A	28	25	59	46	118	117	65	88	149	45	62	17	152	21	13	26	39	28	233	58	26	595	48	16	27	10	54	62	78	145	96	18	7	83	150	14	182	17	63	14	34	104	38	24	42	760	1	49	38	307	66	470	45	36	58	48	94	50	80	60	45	118	47	51	206	160	32	4	31	1494	311	39	9	37	47	76	27	49	309	12	143
T[C>T]C	27	30	42	50	101	157	76	105	90	37	76	32	161	18	15	30	34	35	165	86	33	142	53	23	20	16	53	53	67	153	89	27	9	46	66	18	117	17	60	19	44	98	34	33	47	162	5	36	23	147	79	330	46	36	35	44	92	48	61	59	51	103	42	53	88	140	47	5	15	293	373	59	14	34	51	69	29	47	154	8	105
T[C>T]G	18	4	32	93	48	44	29	32	48	35	23	2	52	16	9	18	32	22	216	30	9	99	19	23	13	6	47	31	42	28	29	9	7	25	43	15	268	6	20	14	23	38	26	21	32	104	4	30	15	77	30	78	16	44	28	27	30	18	36	33	29	35	29	43	60	60	30	5	34	103	453	18	17	12	40	29	9	31	158	6	31
T[C>T]T	24	24	52	40	96	102	76	76	103	51	58	16	197	30	9	37	29	26	219	124	34	298	60	22	31	12	44	47	63	146	87	34	7	65	91	14	142	19	81	19	52	110	32	24	43	310	5	43	26	202	68	464	43	33	37	69	80	43	76	51	60	98	47	52	137	121	58	2	37	700	315	79	13	38	54	75	28	51	264	10	114
T[T>A]A	16	8	16	16	27	46	41	17	26	14	14	3	44	10	7	14	21	6	69	66	10	23	18	12	12	5	24	12	14	27	27	8	3	18	15	5	42	2	23	3	25	36	16	9	20	28	3	19	7	35	27	87	21	12	11	28	36	14	27	12	54	37	31	24	18	60	13	0	14	20	193	5	4	13	12	19	4	28	108	1	26
T[T>A]C	9	4	6	12	17	28	27	15	26	18	17	3	29	6	1	5	5	5	63	38	6	11	10	7	9	9	10	9	3	20	20	2	3	10	18	5	23	1	11	2	14	30	11	6	17	8	3	10	9	20	26	98	7	15	5	21	16	11	16	12	30	13	9	9	14	34	12	2	6	10	52	11	2	10	10	17	1	14	67	0	26
T[T>A]G	10	6	9	14	16	25	14	11	13	18	11	4	25	7	1	12	3	2	55	38	6	6	8	7	4	0	6	12	6	22	24	6	3	8	14	1	23	1	9	1	16	39	9	1	10	11	0	7	8	19	16	81	12	6	2	11	11	6	14	9	9	18	3	15	17	27	9	1	4	11	20	4	6	11	9	10	4	14	52	1	16
T[T>A]T	16	12	16	16	41	49	75	48	40	28	25	5	62	16	2	13	10	9	136	104	25	27	26	16	9	9	24	11	19	59	37	14	2	17	33	11	47	4	16	11	34	90	22	8	28	35	1	24	17	51	27	205	22	13	8	52	45	10	33	25	42	33	12	32	38	63	27	3	12	23	75	13	4	25	19	32	10	43	168	3	53
T[T>C]A	19	18	20	26	32	27	40	25	29	48	52	19	58	13	8	30	25	16	72	67	26	23	28	15	29	6	16	25	33	37	35	16	1	21	30	14	36	7	24	51	50	38	28	13	42	31	4	20	19	52	49	55	14	17	21	36	48	30	32	45	49	53	24	28	24	68	22	2	26	28	192	33	19	20	29	37	12	14	117	6	34
T[T>C]C	12	12	16	23	20	28	26	26	21	32	25	11	36	6	6	22	6	10	87	43	12	28	30	8	11	8	14	16	19	26	28	18	4	19	20	12	35	1	13	31	32	36	14	6	16	14	1	21	15	35	15	40	8	11	11	25	37	17	29	30	25	31	17	23	15	54	21	4	13	18	113	19	13	19	20	25	11	22	157	8	23
T[T>C]G	7	8	17	20	14	26	25	20	10	30	28	14	33	2	6	28	10	3	53	29	13	16	18	9	11	4	8	55	14	19	32	23	2	16	24	10	27	6	9	42	42	30	8	9	25	17	2	13	14	23	27	33	10	12	15	9	35	16	16	34	29	18	16	21	17	40	15	4	14	13	81	12	5	16	16	25	15	21	76	3	19
T[T>C]T	31	15	29	37	37	40	40	37	22	47	51	20	65	13	8	25	27	18	119	92	31	40	36	22	20	2	19	26	31	59	33	21	5	22	37	16	37	8	36	54	42	42	19	15	38	31	5	27	22	44	58	76	17	22	15	32	53	44	43	44	66	62	27	34	30	71	23	10	25	26	194	35	18	26	35	53	20	35	167	3	34
T[T>G]A	7	4	6	5	10	22	7	11	7	6	18	5	25	5	2	10	8	3	41	8	12	9	15	7	8	3	6	8	7	27	17	7	1	8	7	4	14	0	11	4	16	18	5	3	15	15	1	11	3	12	12	35	3	1	9	13	17	10	10	7	13	21	13	10	8	16	3	1	2	11	4	17	2	9	3	15	3	10	70	1	8
T[T>G]C	5	6	4	3	7	15	3	8	14	12	7	5	16	5	2	8	2	4	27	16	8	7	6	6	8	0	4	6	8	12	14	3	2	5	4	4	10	0	9	3	11	10	4	7	9	8	0	7	7	10	8	26	7	8	2	9	10	5	7	10	8	15	7	7	4	12	4	0	3	6	10	12	2	12	11	10	7	6	35	1	9
T[T>G]G	6	4	10	6	14	21	14	13	13	12	5	9	27	4	8	6	7	5	40	17	9	9	13	10	5	3	10	8	8	16	14	6	4	10	5	2	20	6	10	2	16	24	3	4	13	6	4	13	8	16	14	57	7	3	6	12	21	6	17	7	11	14	9	15	15	24	13	4	3	10	10	15	13	11	3	17	5	12	69	2	9
T[T>G]T	12	10	15	21	27	30	26	39	24	33	20	11	41	14	8	22	13	13	81	35	14	21	15	18	13	8	20	12	12	41	14	15	3	14	21	7	41	6	17	9	36	35	14	8	17	23	4	12	13	29	31	73	15	16	10	36	28	13	30	23	18	30	16	11	31	36	20	3	7	31	25	25	13	10	13	27	17	16	167	3	18
