Mutation Types	SARC-US_SP121865	SARC-US_SP121870	SARC-US_SP122372	SARC-US_SP122392	SARC-US_SP122412	SARC-US_SP122476	SARC-US_SP122489	SARC-US_SP122560	SARC-US_SP122590	SARC-US_SP122634	SARC-US_SP122676	SARC-US_SP122702	SARC-US_SP122714	SARC-US_SP122725	SARC-US_SP123010
A[C>A]A	71	53	44	382	73	120	87	79	105	110	203	198	77	103	49
A[C>A]C	56	55	30	254	51	108	46	67	67	114	153	155	43	55	56
A[C>A]G	5	9	4	40	5	14	10	4	16	20	19	22	9	12	7
A[C>A]T	53	60	35	271	49	109	61	64	87	90	221	136	45	57	38
A[C>G]A	42	59	23	123	38	84	57	32	39	50	105	73	28	59	31
A[C>G]C	27	26	10	79	12	49	28	14	14	27	54	49	15	26	20
A[C>G]G	5	3	1	25	2	14	7	1	4	12	19	11	7	47	3
A[C>G]T	40	54	19	128	52	79	32	29	31	52	114	71	20	50	29
A[C>T]A	87	85	77	262	72	133	79	95	105	154	428	177	66	76	115
A[C>T]C	31	51	34	114	26	68	68	33	45	88	265	80	24	54	60
A[C>T]G	109	214	93	332	85	113	135	114	167	193	183	188	99	227	187
A[C>T]T	56	49	41	235	52	129	68	88	53	93	174	127	34	53	77
A[T>A]A	35	28	19	127	38	50	50	34	43	63	117	67	32	31	38
A[T>A]C	21	24	15	97	21	44	24	33	31	38	72	73	27	25	32
A[T>A]G	30	35	17	139	38	53	49	58	54	55	86	74	16	30	34
A[T>A]T	39	53	23	176	45	79	42	46	60	89	165	105	35	35	36
A[T>C]A	83	114	51	235	71	118	85	89	70	128	136	116	58	91	115
A[T>C]C	35	54	21	125	26	77	45	31	33	54	78	62	13	35	35
A[T>C]G	48	63	34	158	55	97	57	47	53	72	107	92	37	59	79
A[T>C]T	96	93	63	262	70	143	88	74	75	149	130	158	37	90	89
A[T>G]A	13	21	5	59	21	23	18	14	18	24	58	29	10	20	19
A[T>G]C	10	18	3	21	9	9	5	7	9	7	23	12	2	11	7
A[T>G]G	21	19	10	53	24	32	17	15	16	28	49	42	8	23	9
A[T>G]T	27	66	10	41	21	22	8	21	12	23	78	23	0	21	16
C[C>A]A	67	68	41	304	65	129	47	65	90	83	202	149	49	71	48
C[C>A]C	45	38	23	277	55	96	49	53	68	76	153	115	31	43	37
C[C>A]G	6	13	5	42	7	13	7	8	7	12	21	20	7	15	6
C[C>A]T	58	87	26	259	54	101	62	52	65	70	202	152	31	46	44
C[C>G]A	31	42	11	81	16	54	24	17	20	44	55	59	11	24	14
C[C>G]C	31	29	8	94	25	52	16	25	28	39	62	48	20	30	13
C[C>G]G	4	5	3	41	4	24	3	4	1	2	3	11	1	16	5
C[C>G]T	47	56	16	149	36	68	38	31	29	43	97	51	17	41	40
C[C>T]A	72	74	39	199	64	95	68	55	51	121	381	116	32	65	63
C[C>T]C	36	56	32	155	45	66	50	46	63	89	375	129	33	58	67
C[C>T]G	85	97	37	160	52	56	83	68	84	121	111	111	34	130	91
C[C>T]T	63	77	53	297	62	126	80	79	83	161	251	148	42	80	82
C[T>A]A	23	17	4	119	21	37	22	22	32	39	75	48	21	24	29
C[T>A]C	33	35	17	180	18	54	40	32	56	48	153	98	22	18	24
C[T>A]G	33	36	15	173	33	70	26	31	31	48	125	111	32	29	29
C[T>A]T	33	61	14	210	41	114	61	45	61	96	205	148	25	35	34
C[T>C]A	41	55	11	122	30	56	34	35	31	38	168	51	16	36	42
C[T>C]C	42	92	16	144	36	107	54	47	56	69	234	99	20	43	31
C[T>C]G	42	68	10	105	32	64	40	44	31	63	157	56	16	25	41
C[T>C]T	52	110	17	116	33	94	58	39	45	76	162	69	33	58	37
C[T>G]A	9	13	8	27	5	19	7	4	9	15	26	10	4	10	8
C[T>G]C	20	36	10	58	12	28	11	8	16	22	53	17	5	11	15
C[T>G]G	16	27	11	78	17	51	13	10	16	30	46	36	14	18	18
C[T>G]T	27	231	7	89	20	29	17	21	11	31	174	40	8	40	21
G[C>A]A	59	55	18	246	42	67	44	43	50	54	133	123	30	41	36
G[C>A]C	21	40	11	141	21	42	28	31	36	45	81	73	24	37	20
G[C>A]G	9	10	3	24	1	7	14	5	6	7	17	11	11	11	7
G[C>A]T	50	51	21	218	28	73	26	50	36	55	131	114	27	45	26
G[C>G]A	11	26	9	53	18	37	13	15	12	17	41	25	5	14	16
G[C>G]C	18	21	11	60	17	43	15	12	20	27	39	37	9	21	12
G[C>G]G	3	4	2	25	3	17	4	1	0	1	6	3	3	8	4
G[C>G]T	34	37	11	83	31	52	27	17	24	23	65	44	8	27	25
G[C>T]A	40	53	42	166	49	61	64	76	53	101	214	100	33	63	54
G[C>T]C	41	47	19	149	45	74	60	75	52	83	231	95	25	53	53
G[C>T]G	80	157	43	260	48	65	113	99	136	143	117	149	72	164	114
G[C>T]T	46	50	28	157	43	84	58	55	55	74	132	115	26	66	43
G[T>A]A	12	17	7	58	18	28	16	10	25	41	71	46	10	13	20
G[T>A]C	16	15	5	60	14	23	16	19	22	30	60	35	7	15	18
G[T>A]G	19	29	12	80	26	41	32	18	29	21	67	72	17	18	15
G[T>A]T	26	30	19	134	27	59	23	25	41	60	111	90	15	34	19
G[T>C]A	47	83	27	132	53	61	31	51	47	64	148	81	24	39	48
G[T>C]C	43	69	15	63	32	55	32	36	32	51	91	63	16	28	29
G[T>C]G	55	39	20	93	40	58	40	34	36	45	119	50	17	25	26
G[T>C]T	63	83	48	131	65	78	43	55	40	80	131	81	35	49	65
G[T>G]A	6	15	4	39	11	11	10	4	4	10	27	12	5	3	10
G[T>G]C	6	18	1	21	6	10	4	7	2	5	15	13	2	9	3
G[T>G]G	15	25	6	72	12	41	23	12	18	30	51	45	18	13	18
G[T>G]T	11	81	8	46	13	19	23	13	5	23	71	17	4	25	9
T[C>A]A	64	57	27	273	59	84	67	55	54	97	160	143	36	83	44
T[C>A]C	67	55	18	278	46	79	49	51	38	65	176	112	52	59	35
T[C>A]G	3	5	3	15	7	8	7	6	8	8	18	11	6	9	6
T[C>A]T	93	97	16	386	61	94	78	68	63	90	269	192	39	87	55
T[C>G]A	114	127	16	244	78	197	79	38	30	68	142	103	20	80	44
T[C>G]C	67	70	20	171	46	107	48	33	35	56	112	58	23	40	39
T[C>G]G	3	7	4	25	10	21	10	5	4	3	15	10	5	12	3
T[C>G]T	186	175	34	361	131	306	131	61	94	124	243	195	47	153	101
T[C>T]A	126	109	50	319	160	200	101	89	46	202	467	217	55	96	114
T[C>T]C	84	101	37	262	91	153	94	72	66	198	469	134	43	104	108
T[C>T]G	60	82	27	146	53	51	63	42	79	91	90	77	39	107	76
T[C>T]T	101	76	46	382	135	210	99	89	72	219	299	160	62	95	125
T[T>A]A	22	35	13	137	44	49	40	31	48	52	162	64	19	29	25
T[T>A]C	17	40	19	138	23	47	37	25	35	34	107	52	15	26	28
T[T>A]G	16	26	9	82	21	40	19	14	17	27	71	56	11	22	29
T[T>A]T	45	67	34	227	50	110	40	59	59	90	209	154	23	41	28
T[T>C]A	58	89	17	122	31	68	62	31	36	62	164	80	23	48	53
T[T>C]C	58	80	13	108	40	101	60	44	47	55	202	84	14	49	42
T[T>C]G	34	53	8	69	34	37	32	20	33	32	108	40	20	22	18
T[T>C]T	72	99	24	148	49	99	51	56	48	77	161	94	23	63	65
T[T>G]A	19	31	9	60	34	31	20	16	19	23	57	31	12	23	19
T[T>G]C	8	12	10	45	13	25	11	10	13	16	34	21	3	19	12
T[T>G]G	20	34	7	67	27	37	18	18	19	33	73	45	10	27	13
T[T>G]T	19	103	19	148	34	49	36	39	31	42	155	54	24	63	31
