Mutation Types	UCEC-US_SP89389	UCEC-US_SP89443	UCEC-US_SP89519	UCEC-US_SP89651	UCEC-US_SP89687	UCEC-US_SP89909	UCEC-US_SP89957	UCEC-US_SP90125	UCEC-US_SP90245	UCEC-US_SP90269	UCEC-US_SP90503	UCEC-US_SP90629	UCEC-US_SP90725	UCEC-US_SP90893	UCEC-US_SP91265	UCEC-US_SP91666	UCEC-US_SP91730	UCEC-US_SP91746	UCEC-US_SP92195	UCEC-US_SP92268	UCEC-US_SP92332	UCEC-US_SP92364	UCEC-US_SP92460	UCEC-US_SP92659	UCEC-US_SP92707	UCEC-US_SP92723	UCEC-US_SP92787	UCEC-US_SP92931	UCEC-US_SP92947	UCEC-US_SP93652	UCEC-US_SP93772	UCEC-US_SP94060	UCEC-US_SP94236	UCEC-US_SP94332	UCEC-US_SP94540	UCEC-US_SP94588	UCEC-US_SP94661	UCEC-US_SP94917	UCEC-US_SP94933	UCEC-US_SP95126	UCEC-US_SP95222	UCEC-US_SP95406	UCEC-US_SP95550	UCEC-US_SP95646
A[C>A]A	94	83	50	72	186	99	66	148	195	110	115	255	74	161	408	120	286	99	145	81	282	465	258	693	109	77	91	142	83	98	129	93	107	226	118	98	91	211	540	280	234	58	171	137
A[C>A]C	60	58	19	48	162	78	48	124	149	68	65	193	39	110	267	90	258	59	129	50	228	361	269	1041	41	49	83	75	52	46	86	61	84	175	92	91	43	188	330	209	169	63	138	99
A[C>A]G	14	12	5	7	18	14	12	14	26	18	19	51	6	26	52	13	76	8	33	10	36	63	51	119	7	13	21	13	20	11	16	10	16	28	12	8	7	32	59	37	29	16	32	34
A[C>A]T	68	48	22	44	145	80	52	154	139	59	68	203	18	111	285	88	272	52	121	42	267	391	272	3916	43	31	68	70	51	41	84	51	78	191	82	65	56	272	305	230	213	41	116	103
A[C>G]A	33	38	18	37	89	79	24	76	141	53	48	248	23	78	168	47	196	31	65	32	166	234	83	99	25	12	44	35	19	25	61	31	136	129	37	58	35	219	345	243	139	25	84	74
A[C>G]C	28	15	10	23	54	27	17	38	76	35	36	102	8	33	94	32	75	15	67	13	65	121	43	54	12	14	25	19	9	18	32	21	55	83	20	20	17	79	108	134	94	19	48	37
A[C>G]G	18	21	9	16	33	21	10	32	158	33	31	147	8	59	111	20	149	8	49	10	64	38	20	12	17	13	28	16	15	30	52	11	22	40	13	16	12	29	25	42	41	12	42	54
A[C>G]T	46	47	12	50	91	69	30	63	151	36	55	268	16	78	167	44	186	31	81	21	150	335	92	73	29	22	53	50	26	27	77	43	132	132	48	54	38	236	289	268	117	29	93	73
A[C>T]A	99	106	68	87	196	1076	89	166	225	205	111	336	67	119	303	106	235	63	143	73	301	1982	1384	646	79	88	94	94	90	63	137	99	215	169	138	124	106	1523	895	325	204	89	145	132
A[C>T]C	55	55	30	31	91	322	54	49	109	86	68	143	46	77	122	62	126	51	70	48	113	651	413	1111	46	40	47	56	40	46	62	57	79	110	68	50	75	594	400	151	91	49	96	74
A[C>T]G	287	242	235	237	280	1090	246	203	307	277	271	427	221	279	424	318	432	255	269	395	325	2566	1522	3106	242	350	182	347	349	243	311	312	322	224	290	299	282	733	819	477	275	260	291	234
A[C>T]T	73	88	35	56	183	381	61	120	197	165	100	259	44	106	295	95	307	66	104	49	266	707	464	1766	62	54	54	69	71	84	95	56	137	156	96	100	66	699	355	286	193	61	120	118
A[T>A]A	39	50	18	31	87	54	33	72	69	58	46	132	18	58	138	56	136	35	61	29	133	1339	254	261	25	27	27	41	35	21	54	24	45	79	59	59	26	803	1180	147	97	21	71	48
A[T>A]C	29	19	10	17	65	36	26	44	59	30	25	104	14	46	95	50	113	22	53	19	87	376	125	119	15	24	23	33	22	24	43	19	42	61	38	26	22	529	327	88	67	22	54	34
A[T>A]G	32	23	23	22	83	34	28	59	101	51	29	114	13	51	115	35	153	21	52	15	103	547	135	65	14	18	36	34	18	20	41	27	35	84	35	37	24	129	313	99	92	36	70	48
A[T>A]T	65	56	30	51	116	281	54	107	101	98	62	175	37	75	218	95	187	66	80	35	195	3226	955	1859	46	43	36	61	54	37	58	56	78	94	138	91	64	733	2356	183	153	45	112	83
A[T>C]A	106	85	61	82	148	452	111	109	158	152	120	281	69	120	263	143	236	79	145	69	262	6669	494	1267	50	92	98	88	84	81	116	89	110	155	129	159	87	950	3071	237	221	80	134	116
A[T>C]C	39	36	11	30	74	198	25	47	92	75	57	133	21	50	129	50	128	30	61	30	113	1896	200	832	19	34	40	47	27	35	42	30	49	105	41	70	39	270	1094	177	125	27	90	47
A[T>C]G	74	63	29	49	93	557	65	61	110	72	81	163	46	80	152	81	149	62	111	53	171	6468	535	578	30	46	58	69	46	49	74	49	62	130	71	105	71	578	2496	197	176	50	103	65
A[T>C]T	95	86	54	72	141	166	62	105	175	160	108	267	55	124	294	130	228	73	150	76	295	3125	237	1182	74	78	97	96	67	75	135	93	124	177	119	135	86	581	1069	273	264	83	140	107
A[T>G]A	29	20	12	26	35	13	25	23	42	48	30	94	11	22	67	17	54	23	17	10	50	446	56	1234	16	10	17	29	14	11	47	13	28	52	28	20	12	62	389	100	42	18	24	32
A[T>G]C	15	9	9	7	22	15	8	8	17	13	14	37	6	12	38	21	23	3	9	10	21	427	53	781	8	5	10	15	9	12	7	9	13	23	15	13	7	40	253	56	24	11	12	15
A[T>G]G	21	18	7	13	50	26	22	44	80	26	31	92	7	33	108	19	99	15	43	11	83	305	44	422	10	10	15	17	12	20	31	17	22	67	21	24	17	42	203	109	103	17	36	44
A[T>G]T	21	34	12	15	38	31	34	26	60	43	24	136	12	33	99	34	53	13	29	17	54	871	100	6732	20	20	32	40	24	18	56	25	28	92	41	48	12	111	573	130	77	16	42	42
C[C>A]A	67	65	35	44	95	204	61	111	143	98	93	202	52	106	360	102	227	74	114	81	194	475	311	924	90	65	74	69	72	53	81	54	90	209	121	69	88	472	308	220	194	44	132	89
C[C>A]C	52	35	15	38	73	391	42	77	122	67	47	127	27	81	182	65	192	43	86	40	149	879	469	398	39	40	56	52	39	41	56	32	73	158	72	43	49	471	356	172	132	47	106	70
C[C>A]G	15	14	6	7	16	92	7	27	38	21	16	28	10	28	52	14	51	6	24	18	30	259	111	98	15	16	8	16	8	12	15	13	18	33	19	16	9	97	148	29	23	11	17	28
C[C>A]T	62	51	23	38	108	878	64	103	114	122	64	153	44	86	273	131	210	57	86	58	178	1874	1074	3637	58	39	62	55	53	55	48	50	64	159	189	87	84	1961	647	198	190	43	121	72
C[C>G]A	31	24	10	18	55	20	14	42	103	28	36	193	12	55	114	28	125	23	47	17	76	20	12	20	10	7	23	21	11	11	37	14	122	105	18	37	25	79	20	194	103	19	71	37
C[C>G]C	20	11	9	17	44	16	16	27	86	22	40	100	6	25	88	27	117	18	56	14	67	26	18	18	11	6	22	17	11	19	29	8	66	92	18	30	16	50	34	135	94	18	45	45
C[C>G]G	19	20	5	17	22	16	9	19	102	33	17	71	5	40	67	18	97	12	33	12	42	16	24	12	17	16	17	20	12	12	26	15	21	38	12	31	10	28	30	53	34	11	47	42
C[C>G]T	45	28	15	33	63	23	17	63	124	33	50	284	16	56	169	43	178	33	75	25	119	53	19	36	15	13	34	26	18	29	49	21	171	131	30	58	29	105	46	282	142	26	99	57
C[C>T]A	78	119	56	55	123	209	69	93	154	176	90	308	68	84	177	70	199	43	99	71	139	399	331	217	59	67	61	85	64	48	74	65	358	123	88	96	78	580	374	253	185	50	116	69
C[C>T]C	66	72	49	41	76	249	62	74	127	102	95	152	68	83	184	81	182	67	106	51	102	534	340	368	50	53	68	56	68	47	83	69	139	92	80	80	75	510	557	181	125	68	99	84
C[C>T]G	139	167	139	121	152	747	145	138	199	221	197	336	129	142	301	175	257	123	187	244	205	1739	1098	852	178	220	119	207	197	143	179	200	260	141	187	185	135	550	798	358	152	185	205	166
C[C>T]T	99	97	51	60	161	235	64	117	142	84	95	310	63	112	261	92	287	89	104	77	221	555	372	544	56	75	69	78	71	56	99	101	232	192	111	123	92	557	568	345	192	71	131	113
C[T>A]A	25	12	8	11	58	27	17	53	61	38	32	103	9	30	109	38	115	14	34	12	90	439	82	54	8	12	23	23	6	18	27	13	43	92	21	29	15	131	238	89	77	17	39	32
C[T>A]C	33	20	6	22	90	74	21	49	68	46	29	133	13	52	111	32	157	23	67	12	111	495	90	105	12	10	33	23	14	20	28	23	61	126	25	35	29	164	320	128	108	12	61	39
C[T>A]G	18	22	22	14	77	27	20	56	76	49	35	115	9	40	136	43	151	20	47	15	90	646	111	73	21	14	29	33	23	15	43	21	48	126	34	26	29	111	257	110	87	24	78	40
C[T>A]T	40	23	13	28	136	22	39	101	117	35	51	191	12	67	217	50	188	34	79	27	174	434	80	277	28	19	55	37	24	17	58	30	73	163	55	50	20	160	176	198	125	33	70	49
C[T>C]A	46	28	17	38	65	277	39	38	86	50	35	143	16	39	120	46	141	30	72	30	80	3938	280	160	23	24	43	32	33	23	38	26	50	138	63	71	30	572	1818	139	102	28	52	46
C[T>C]C	30	31	21	32	66	188	24	70	104	47	54	166	22	57	176	48	152	30	75	18	115	2124	197	293	20	33	54	26	39	27	48	25	54	195	54	65	25	285	1321	220	144	32	82	48
C[T>C]G	40	27	25	33	40	609	29	47	80	122	40	106	21	40	136	52	108	28	64	19	97	6914	512	236	22	40	45	46	24	43	49	21	37	145	50	73	35	499	2669	165	97	36	65	32
C[T>C]T	59	41	18	34	91	220	54	55	128	78	53	199	21	55	279	55	162	41	72	32	120	4024	262	274	33	30	58	61	27	52	69	27	70	196	84	77	30	507	1868	221	157	24	91	50
C[T>G]A	21	8	8	14	16	18	6	11	35	9	24	56	7	11	43	27	37	8	26	7	29	178	26	693	7	8	11	10	5	7	15	3	17	40	13	24	7	46	123	60	44	6	23	20
C[T>G]C	15	8	2	8	31	57	18	8	44	11	21	60	7	18	67	14	59	12	32	9	35	646	54	177	10	11	13	17	11	8	7	4	21	62	14	28	10	78	506	67	45	8	24	21
C[T>G]G	24	13	10	16	50	76	15	27	79	32	20	89	10	37	92	34	97	22	52	12	70	696	74	339	18	5	18	23	12	20	24	9	29	97	31	49	10	96	434	135	92	21	51	38
C[T>G]T	41	28	18	21	67	76	70	34	80	36	33	198	19	36	230	38	90	24	56	19	110	797	94	2464	29	14	44	82	31	26	96	23	28	227	71	78	22	154	509	195	144	19	62	41
G[C>A]A	57	65	50	43	99	78	49	93	96	79	78	146	82	101	269	121	148	81	75	119	169	204	250	524	118	74	57	75	96	60	67	66	64	111	79	69	65	176	291	132	159	56	109	61
G[C>A]C	36	34	18	25	63	62	25	70	83	50	30	95	32	67	143	45	163	38	72	35	101	264	194	548	29	28	30	34	34	33	47	35	47	110	68	30	27	151	183	103	88	28	74	38
G[C>A]G	8	15	5	11	12	17	7	15	18	27	8	27	6	20	42	17	38	12	22	11	13	102	68	25	8	9	20	19	11	17	24	10	16	15	21	11	10	39	59	27	20	11	15	11
G[C>A]T	33	59	30	20	76	107	45	83	79	67	52	116	42	68	181	68	150	57	60	44	146	329	256	2238	67	50	50	47	51	21	46	54	50	128	85	45	56	331	247	138	141	32	97	77
G[C>G]A	22	11	5	20	30	23	6	21	45	24	18	103	10	35	87	32	94	14	37	11	53	60	27	82	10	6	13	12	14	8	25	13	73	60	21	23	22	150	62	111	63	14	49	30
G[C>G]C	19	13	7	14	29	44	8	14	46	32	19	87	14	21	70	30	95	14	39	12	50	146	59	64	13	9	20	19	14	7	27	15	43	68	24	24	19	150	179	128	58	12	42	34
G[C>G]G	7	5	2	6	14	8	3	13	62	14	13	44	2	28	53	13	65	7	17	9	29	13	15	11	8	8	8	5	4	9	17	7	11	25	5	6	6	19	22	30	8	5	27	18
G[C>G]T	26	30	16	26	56	31	18	39	105	30	39	163	15	53	122	35	114	18	42	9	60	150	42	79	10	9	22	18	9	16	41	18	90	131	23	42	13	134	114	186	84	15	56	47
G[C>T]A	66	81	40	57	114	1006	59	74	129	119	77	249	61	74	172	76	169	60	85	44	116	1509	1236	832	40	55	70	77	61	62	77	72	169	105	91	75	73	1644	478	196	153	55	105	77
G[C>T]C	62	65	42	49	86	796	50	99	120	105	85	149	62	77	151	69	161	60	60	44	121	2072	1163	3280	43	64	65	71	63	70	65	62	115	81	78	61	58	1457	985	160	112	67	103	65
G[C>T]G	189	167	147	155	196	1049	173	169	211	261	221	316	180	202	333	216	271	168	191	262	254	3072	1566	4345	190	235	148	260	278	163	209	241	227	177	201	174	181	1445	1708	368	193	181	208	174
G[C>T]T	80	81	40	52	110	686	63	63	113	121	66	207	56	80	177	65	182	54	78	52	153	1570	956	3752	42	71	57	58	58	50	100	87	146	126	92	102	71	1318	615	176	119	59	104	91
G[T>A]A	24	10	7	14	52	12	13	27	41	24	16	71	13	28	66	19	90	20	27	10	64	718	104	55	2	5	15	11	14	14	27	13	26	80	17	20	8	160	387	62	56	10	44	22
G[T>A]C	16	7	9	11	38	29	9	25	43	15	17	56	8	23	57	19	83	11	29	13	58	255	63	78	13	5	18	17	7	9	23	13	29	60	18	19	14	222	165	71	49	12	30	19
G[T>A]G	12	14	5	18	42	31	12	41	40	28	15	73	5	37	76	25	103	17	30	7	49	635	88	24	10	12	17	16	21	17	25	14	28	79	18	20	17	115	395	72	61	10	39	31
G[T>A]T	24	15	8	22	75	51	22	60	74	30	21	114	12	35	132	44	134	15	49	15	129	420	111	214	17	11	28	28	14	15	35	16	50	111	29	34	20	175	253	129	100	19	52	45
G[T>C]A	45	36	22	31	56	369	37	41	82	64	53	156	28	53	119	44	103	30	57	22	100	7706	501	1499	28	41	61	43	46	33	58	37	50	104	68	62	43	1205	2678	134	101	31	54	41
G[T>C]C	30	16	17	21	43	118	20	25	59	74	30	81	17	31	81	26	76	23	38	29	58	1867	162	1537	23	34	40	22	15	23	27	20	47	86	34	40	22	375	909	113	74	21	60	39
G[T>C]G	25	21	14	23	39	300	28	33	57	63	42	89	24	33	87	30	67	26	50	25	65	6560	363	500	15	33	43	36	35	15	38	20	48	111	37	43	28	611	1816	110	74	46	46	29
G[T>C]T	42	46	22	35	63	181	37	40	83	57	57	129	20	72	141	65	113	24	75	38	123	5158	208	2833	26	42	63	71	47	35	73	44	63	110	77	66	36	793	1425	150	136	30	68	56
G[T>G]A	12	7	3	11	22	10	4	12	22	24	12	43	3	17	57	13	46	7	22	3	32	221	18	203	5	4	12	10	5	6	21	10	17	34	19	9	5	24	114	53	35	8	25	23
G[T>G]C	8	5	3	7	19	7	7	8	25	13	8	35	3	12	32	10	26	3	17	5	11	191	21	328	1	4	6	9	5	5	18	2	8	28	2	5	4	36	102	58	25	3	13	16
G[T>G]G	25	16	8	14	51	10	8	25	58	48	27	72	7	32	98	32	122	15	46	19	70	287	23	163	16	7	17	14	7	12	24	16	23	82	12	23	11	37	179	125	75	10	61	34
G[T>G]T	19	14	12	9	44	25	27	20	49	20	20	115	10	25	118	29	78	12	29	8	48	748	84	926	13	13	37	23	14	12	32	18	21	113	21	27	11	106	482	133	76	12	32	34
T[C>A]A	122	202	42	56	210	82	53	129	279	99	178	995	77	123	248	109	282	66	121	67	183	302	225	18793	92	84	56	107	78	76	104	94	1236	147	177	139	76	242	325	526	288	64	157	113
T[C>A]C	88	104	33	52	124	111	56	94	161	68	108	455	50	131	237	79	231	81	106	58	162	212	231	1655	50	63	69	65	55	64	94	64	424	155	87	102	68	195	203	356	219	50	141	82
T[C>A]G	21	23	9	9	23	28	17	10	36	19	22	89	6	30	26	12	41	6	10	18	14	44	32	417	14	13	16	13	14	19	21	22	47	13	12	20	20	23	56	62	30	11	16	17
T[C>A]T	138	193	74	61	189	218	91	201	286	223	129	673	121	160	423	178	288	98	164	112	259	613	470	118521	137	111	77	139	131	108	103	100	453	160	362	182	167	807	660	485	377	87	200	145
T[C>G]A	355	359	14	94	424	26	37	193	1081	94	415	4792	26	200	297	164	704	38	69	36	159	82	31	34	24	19	78	32	21	38	76	183	6155	177	92	265	40	302	81	2598	909	29	361	134
T[C>G]C	122	89	6	40	118	20	20	86	327	61	117	1049	15	71	178	57	266	27	52	12	115	67	32	31	18	21	51	25	14	30	54	48	1332	129	49	137	27	150	59	700	268	18	139	68
T[C>G]G	30	18	5	14	31	10	9	25	113	24	35	292	4	38	49	17	78	8	23	6	21	25	10	9	13	8	13	12	6	7	15	18	105	21	15	17	9	30	28	138	64	8	59	24
T[C>G]T	464	504	44	128	606	83	78	232	1367	145	567	6235	40	319	436	216	924	86	128	50	329	292	100	99	45	38	111	95	40	77	121	262	7106	330	138	420	91	459	330	3457	1116	51	477	260
T[C>T]A	595	1096	48	103	612	224	117	288	957	182	509	4263	77	243	327	366	762	101	102	83	240	455	334	921	67	63	76	78	87	85	107	388	7920	160	188	382	118	1505	454	2235	1340	62	509	165
T[C>T]C	167	303	56	59	162	220	93	157	287	139	168	843	81	144	247	140	305	91	97	76	163	552	363	2815	60	79	76	81	77	68	116	153	1636	149	128	207	101	776	594	701	377	54	197	134
T[C>T]G	176	246	107	108	166	437	109	131	220	158	165	627	104	138	219	149	203	117	115	174	152	970	698	17878	138	164	75	159	147	96	122	151	823	114	142	160	126	385	355	461	219	104	169	123
T[C>T]T	361	693	44	88	375	215	123	257	615	150	307	1990	73	193	315	238	560	81	109	103	230	558	323	8073	75	78	79	82	97	79	118	263	4246	162	145	321	117	1412	671	1346	773	66	310	159
T[T>A]A	112	54	26	52	112	102	56	83	112	68	55	167	35	51	153	90	171	43	77	55	117	1140	278	630	55	38	31	44	46	49	42	50	69	111	88	96	45	396	893	226	110	31	88	77
T[T>A]C	16	19	8	24	55	20	13	42	83	19	23	117	9	28	114	23	153	21	36	11	96	266	66	217	9	10	26	27	17	13	27	13	50	91	28	36	23	241	143	96	69	27	51	24
T[T>A]G	23	22	8	14	38	14	13	37	58	35	19	55	10	29	71	26	88	17	35	9	66	506	93	313	8	7	11	17	11	11	19	7	28	74	32	29	15	93	263	69	39	14	30	25
T[T>A]T	56	41	25	44	142	106	46	125	116	63	65	187	20	70	224	77	197	49	73	36	241	1232	333	2214	39	27	60	74	31	33	68	37	73	184	71	70	42	323	904	225	146	44	112	80
T[T>C]A	51	57	29	44	82	291	33	61	107	73	57	225	25	59	181	72	151	50	85	40	126	3077	393	1426	35	37	90	43	34	31	82	39	73	144	84	74	37	1078	2529	192	104	39	84	53
T[T>C]C	38	44	16	29	72	217	45	55	103	78	41	142	22	46	154	53	121	36	86	35	101	1616	290	1932	28	37	58	36	22	45	47	28	60	172	65	70	39	590	1758	193	118	22	67	48
T[T>C]G	25	22	21	29	43	337	27	41	52	33	33	99	19	38	81	44	65	24	39	22	54	2079	313	856	11	28	39	28	29	35	40	24	31	87	45	54	26	561	1720	92	73	16	45	19
T[T>C]T	61	72	32	60	96	331	62	75	113	109	78	199	35	58	215	85	163	54	109	54	157	3407	419	2166	51	44	73	67	66	47	77	57	81	178	144	106	49	988	3208	199	150	55	83	66
T[T>G]A	20	24	16	40	44	19	12	31	55	47	28	109	11	37	83	31	65	18	33	12	63	196	30	4527	16	15	24	19	20	21	46	17	38	68	34	45	21	64	159	126	76	16	29	31
T[T>G]C	18	19	12	16	47	17	21	20	36	18	30	94	4	28	49	19	54	16	21	15	44	248	33	1240	16	11	17	13	14	17	25	8	21	69	21	26	18	52	203	71	52	10	34	30
T[T>G]G	35	18	8	17	56	35	22	41	74	32	31	103	10	33	108	42	124	24	53	18	75	344	46	596	13	14	27	25	17	16	36	22	31	114	20	32	22	59	351	130	69	12	42	40
T[T>G]T	51	43	36	54	86	106	73	71	105	79	70	271	39	66	228	65	145	47	89	37	141	1340	199	32652	39	39	43	66	34	47	85	36	59	209	90	75	40	194	982	258	150	34	89	88
