Type	Eye-Melanoma::MUM1	Eye-Melanoma::MUM2	Eye-Melanoma::MUM3	Eye-Melanoma::MUM4	Eye-Melanoma::MUM5	Eye-Melanoma::MUM6	Eye-Melanoma::MUM7	Eye-Melanoma::MUM8	Eye-Melanoma::MUM9	Eye-Melanoma::PUM1	Eye-Melanoma::PUM10	Eye-Melanoma::PUM11	Eye-Melanoma::PUM12	Eye-Melanoma::PUM13	Eye-Melanoma::PUM14	Eye-Melanoma::PUM15	Eye-Melanoma::PUM17	Eye-Melanoma::PUM18	Eye-Melanoma::PUM19	Eye-Melanoma::PUM2	Eye-Melanoma::PUM20	Eye-Melanoma::PUM21	Eye-Melanoma::PUM22	Eye-Melanoma::PUM23	Eye-Melanoma::PUM24	Eye-Melanoma::PUM3	Eye-Melanoma::PUM4	Eye-Melanoma::PUM5	Eye-Melanoma::PUM6	Eye-Melanoma::PUM7	Eye-Melanoma::PUM8	Eye-Melanoma::PUM9	Eye-Melanoma::258	Eye-Melanoma::531	Eye-Melanoma::533	Eye-Melanoma::534	Eye-Melanoma::535	Eye-Melanoma::537	Eye-Melanoma::538	Eye-Melanoma::539	Eye-Melanoma::550	Eye-Melanoma::552	Eye-Melanoma::553	Eye-Melanoma::554	Eye-Melanoma::556	Eye-Melanoma::557
A[C>A]A	0	0	0	0	0	0	0	0	0	0	0	0	0	0	0	0	0	0	0	0	0	0	0	0	0	0	0	0	0	0	0	0	66	70	36	48	56	42	23	25	39	30	34	30	29	50
A[C>A]C	21	6	125	13	20	18	18	13	35	108	26	47	110	26	7	31	14	83	22	8	50	10	16	8	12	10	17	29	6	11	70	13	8	11	10	13	8	5	7	10	8	10	9	3	11	7
A[C>A]G	5	2	35	1	3	1	3	3	7	41	13	13	33	5	1	12	4	30	6	3	17	2	5	4	0	2	6	7	3	4	21	2	2	4	4	7	7	5	2	5	2	3	1	2	3	0
A[C>A]T	0	0	0	0	0	0	0	0	0	0	0	0	0	0	0	0	0	0	0	0	0	0	0	0	0	0	0	0	0	0	0	0	14	12	8	7	19	7	9	7	5	11	6	9	15	11
A[C>G]A	0	0	0	0	0	0	0	0	0	0	0	0	0	0	0	0	0	0	0	0	0	0	0	0	0	0	0	0	0	0	0	0	8	13	11	10	10	4	4	5	8	7	8	2	14	9
A[C>G]C	22	10	112	6	5	10	6	5	13	97	25	30	103	14	8	19	16	86	13	18	47	6	6	10	6	13	4	24	3	6	47	8	11	14	9	6	9	8	8	4	12	10	10	1	6	5
A[C>G]G	9	4	34	2	5	3	5	1	2	37	9	13	38	7	0	10	1	23	7	4	21	1	4	5	3	3	2	12	1	1	17	7	5	7	2	5	5	1	1	1	7	3	1	0	3	3
A[C>G]T	0	0	0	0	0	0	0	0	0	0	0	0	0	0	0	0	0	0	0	0	0	0	0	0	0	0	0	0	0	0	0	0	16	12	8	20	9	0	8	7	13	7	12	1	10	12
A[C>T]A	0	0	0	0	0	0	0	0	0	0	0	0	0	0	0	0	0	0	0	0	0	0	0	0	0	0	0	0	0	0	0	0	39	42	34	32	32	24	17	33	46	38	42	7	57	40
A[C>T]C	40	25	339	28	53	28	29	24	36	316	74	97	338	29	22	65	31	267	54	35	146	17	30	36	26	38	30	66	19	24	183	21	32	34	17	20	29	8	15	18	19	25	20	4	28	23
A[C>T]G	29	20	133	20	26	30	27	15	33	145	40	45	120	25	29	36	26	97	41	28	63	17	17	29	23	27	20	33	21	16	98	15	55	77	60	39	38	40	30	41	62	50	49	6	67	32
A[C>T]T	0	0	0	0	0	0	0	0	0	0	0	0	0	0	0	0	0	0	0	0	0	0	0	0	0	0	0	0	0	0	0	0	34	34	26	27	21	9	19	22	25	26	18	6	28	28
A[T>A]A	7	5	56	5	6	12	4	12	14	69	22	21	69	8	8	16	5	55	16	5	43	2	11	6	7	6	6	17	5	4	36	6	77	60	17	32	41	57	11	17	31	16	28	18	26	21
A[T>A]C	5	2	34	2	4	3	1	1	1	23	8	12	25	4	3	6	0	25	8	2	11	1	8	5	1	2	4	5	0	2	18	3	14	20	4	20	20	11	11	11	6	12	14	7	5	6
A[T>A]G	6	5	43	5	3	7	4	2	4	24	7	15	34	3	6	4	9	24	7	3	13	1	6	6	2	4	5	6	2	6	17	6	49	31	10	41	45	46	9	19	18	9	32	7	23	14
A[T>A]T	24	8	151	16	17	17	2	11	21	109	41	39	137	15	22	34	18	108	25	15	57	8	12	21	6	7	11	24	5	6	79	17	19	15	9	13	16	7	6	9	8	7	10	3	9	9
A[T>C]A	41	25	428	19	34	36	26	24	39	400	109	106	378	43	36	68	40	320	54	26	190	28	37	37	30	32	27	59	19	27	212	47	38	33	47	48	24	21	22	31	57	34	40	12	55	33
A[T>C]C	12	11	125	8	14	12	17	16	18	87	44	38	115	17	9	23	9	96	17	14	59	7	12	14	9	6	9	21	12	13	67	10	15	22	19	26	18	17	16	19	10	14	12	4	18	13
A[T>C]G	25	5	200	12	20	13	13	8	23	177	50	50	172	18	19	31	15	118	24	16	94	11	18	20	8	13	11	23	6	11	97	15	35	38	32	66	42	16	32	19	26	31	21	4	35	31
A[T>C]T	60	19	565	25	42	40	40	28	33	464	127	154	520	56	37	91	40	433	65	56	257	21	51	29	36	27	32	57	13	32	321	25	32	51	47	38	32	20	23	16	46	31	28	2	31	33
A[T>G]A	18	2	93	5	8	6	4	5	9	63	23	21	85	8	8	11	11	55	9	6	43	2	14	8	5	2	7	19	4	5	55	4	5	8	10	7	4	2	2	3	5	6	1	0	8	6
A[T>G]C	6	1	34	2	3	1	2	3	2	23	13	9	27	3	2	8	2	21	1	4	10	0	2	3	2	1	5	3	1	1	17	4	2	4	6	5	2	0	2	2	3	2	6	1	5	0
A[T>G]G	4	2	36	1	2	3	2	1	3	33	6	9	34	6	1	11	6	30	7	3	22	1	6	5	2	4	3	11	1	2	28	3	7	13	10	15	12	8	9	6	3	8	13	3	9	8
A[T>G]T	14	6	218	7	14	8	7	2	18	173	36	67	184	10	10	42	17	168	23	13	78	5	12	9	5	13	11	27	12	10	115	9	9	9	10	11	8	2	2	6	7	8	10	1	5	3
C[C>A]A	21	13	120	15	18	15	15	11	48	140	28	39	110	18	10	24	22	92	37	19	57	12	23	22	13	19	16	25	5	20	71	10	24	23	27	14	18	9	22	20	28	20	24	10	21	21
C[C>A]C	32	11	167	18	26	27	25	24	102	135	35	47	137	24	17	34	18	120	37	20	73	17	24	24	11	10	15	48	7	23	76	15	6	12	14	14	8	8	4	6	9	11	6	1	9	12
C[C>A]G	21	8	89	13	9	14	16	9	48	69	20	27	92	9	7	16	11	51	22	10	39	6	11	7	6	9	9	18	4	7	35	6	2	4	3	0	6	1	2	1	1	3	2	0	4	3
C[C>A]T	16	16	152	23	16	24	13	10	22	136	40	38	128	20	11	27	14	94	32	7	56	12	18	12	12	19	15	26	11	11	70	15	16	10	10	8	7	1	6	7	14	5	19	2	17	6
C[C>G]A	16	8	117	7	12	11	15	7	33	113	28	30	127	13	5	32	14	118	17	12	54	3	18	7	14	12	12	39	6	12	60	6	3	5	5	14	7	2	4	4	8	10	4	1	17	6
C[C>G]C	38	10	186	7	25	19	8	16	40	125	44	50	184	23	15	43	22	145	35	18	68	12	26	29	20	17	15	50	10	18	101	22	16	7	7	16	7	5	5	6	22	16	10	5	13	11
C[C>G]G	12	9	136	6	7	9	14	6	20	121	30	38	123	19	12	31	12	91	25	14	66	7	13	11	7	15	8	31	6	10	76	14	1	3	4	0	5	5	2	0	1	0	1	2	5	3
C[C>G]T	24	8	127	7	14	11	9	5	20	106	35	37	129	25	12	35	12	92	27	11	55	9	14	18	12	12	9	25	7	17	78	8	15	19	17	16	8	4	9	4	20	21	13	1	17	8
C[C>T]A	40	31	290	22	25	37	29	32	49	256	77	87	246	29	24	60	34	206	38	28	114	21	28	36	23	25	28	50	23	24	161	31	36	32	31	27	26	10	14	26	31	20	21	5	22	13
C[C>T]C	94	60	585	47	70	76	63	67	106	439	124	135	495	58	66	128	82	393	113	42	258	44	66	73	70	54	62	105	24	56	302	48	15	35	20	26	27	12	17	17	24	31	12	4	27	23
C[C>T]G	67	38	452	41	59	52	47	53	70	360	94	132	359	66	57	88	43	315	95	44	188	21	66	56	38	38	51	82	30	51	234	29	43	38	37	40	44	19	18	24	36	24	41	9	45	22
C[C>T]T	46	22	391	35	41	41	36	42	44	356	98	129	354	41	37	78	41	304	67	29	165	25	36	26	34	32	30	50	19	29	214	33	43	49	33	36	45	22	21	32	47	29	39	10	38	32
C[T>A]A	2	0	18	1	3	3	1	3	5	21	3	5	18	3	2	2	0	14	1	4	8	0	2	6	2	0	5	5	3	3	9	2	30	14	14	9	15	8	9	0	11	3	6	9	8	18
C[T>A]C	0	0	0	0	0	0	0	0	0	0	0	0	0	0	0	0	0	0	0	0	0	0	0	0	0	0	0	0	0	0	0	0	13	12	18	15	10	6	6	5	12	12	10	21	5	11
C[T>A]G	0	0	0	0	0	0	0	0	0	0	0	0	0	0	0	0	0	0	0	0	0	0	0	0	0	0	0	0	0	0	0	0	18	20	3	18	7	13	4	6	11	8	8	3	9	14
C[T>A]T	1	4	47	3	4	3	3	3	11	44	11	8	38	4	3	11	5	33	6	2	18	1	5	2	1	2	6	1	1	4	22	4	7	8	4	9	8	1	7	6	5	5	8	3	7	7
C[T>C]A	12	8	131	8	10	18	10	9	16	111	36	46	99	19	18	23	18	92	23	16	62	11	19	17	10	22	11	20	4	10	62	17	23	27	12	33	24	13	16	18	12	14	6	5	20	12
C[T>C]C	0	0	0	0	0	0	0	0	0	0	0	0	0	0	0	0	0	0	0	0	0	0	0	0	0	0	0	0	0	0	0	0	26	51	47	56	38	55	31	26	37	25	27	35	17	23
C[T>C]G	0	0	0	0	0	0	0	0	0	0	0	0	0	0	0	0	0	0	0	0	0	0	0	0	0	0	0	0	0	0	0	0	28	29	12	31	35	25	15	8	25	18	12	8	14	8
C[T>C]T	18	7	226	8	7	11	9	9	25	162	44	59	179	25	8	38	19	159	13	10	93	11	12	13	7	6	5	23	8	5	99	7	20	20	28	18	26	12	11	17	28	10	15	6	19	15
C[T>G]A	5	0	30	1	1	1	2	2	7	25	12	12	26	2	1	5	2	23	8	1	11	1	0	4	3	2	1	9	1	3	18	1	2	6	2	7	3	0	2	3	5	3	3	1	2	1
C[T>G]C	0	0	0	0	0	0	0	0	0	0	0	0	0	0	0	0	0	0	0	0	0	0	0	0	0	0	0	0	0	0	0	0	4	6	2	11	6	2	0	5	6	9	2	0	7	2
C[T>G]G	0	0	0	0	0	0	0	0	0	0	0	0	0	0	0	0	0	0	0	0	0	0	0	0	0	0	0	0	0	0	0	0	9	5	10	14	6	6	11	6	10	4	5	3	6	5
C[T>G]T	2	0	69	0	5	4	5	5	8	53	14	16	60	10	5	9	2	46	5	6	32	3	5	6	2	3	3	9	1	5	38	8	4	11	6	7	8	4	4	5	6	1	6	1	9	2
G[C>A]A	11	5	35	2	6	7	7	4	15	36	9	6	33	4	4	10	4	32	4	6	18	4	6	10	3	6	5	17	4	2	17	3	37	23	34	17	22	8	10	11	28	14	12	17	22	21
G[C>A]C	21	8	102	8	8	13	8	13	33	92	20	31	72	24	7	32	9	77	18	11	32	6	10	6	5	13	9	17	3	12	50	7	8	10	7	9	7	5	4	6	7	8	7	0	7	4
G[C>A]G	4	6	21	3	7	3	6	4	7	21	10	7	15	10	2	2	4	18	11	7	12	5	5	3	4	3	7	9	1	5	17	2	0	3	0	3	5	6	3	1	5	2	3	0	2	1
G[C>A]T	7	9	42	3	7	5	4	11	8	36	14	14	34	6	4	11	9	31	18	7	16	4	6	6	6	8	5	12	3	11	11	5	5	14	8	4	8	4	4	3	12	4	15	2	10	8
G[C>G]A	9	2	40	4	5	6	3	5	13	28	13	11	32	7	5	6	1	37	6	2	21	4	9	4	3	4	1	14	2	4	28	4	8	4	5	11	11	5	4	5	11	8	4	2	8	4
G[C>G]C	20	8	87	6	8	6	9	5	24	73	26	19	81	18	2	25	8	74	24	19	38	5	12	16	6	12	10	31	7	9	64	10	12	12	14	8	7	2	8	3	22	10	10	0	9	2
G[C>G]G	5	3	21	2	4	7	6	1	13	23	13	10	16	5	4	5	5	10	8	10	15	2	12	5	6	7	1	16	4	9	16	3	2	4	3	5	6	6	2	2	9	1	1	8	3	1
G[C>G]T	9	1	34	4	0	2	6	5	14	29	8	13	27	10	4	9	6	24	16	2	21	6	1	3	8	12	2	17	3	5	19	2	16	17	18	16	12	7	5	8	32	9	6	0	19	7
G[C>T]A	24	31	141	19	35	26	18	25	28	135	63	42	130	23	24	29	26	95	22	24	54	13	29	31	12	17	26	35	8	15	104	14	24	31	16	24	27	11	13	21	22	22	28	6	23	18
G[C>T]C	69	38	312	56	56	72	65	51	71	266	89	89	267	54	54	77	61	218	85	51	148	32	49	56	36	37	58	88	35	42	187	32	30	28	20	20	21	10	20	18	23	12	22	5	29	21
G[C>T]G	42	16	151	27	44	47	44	19	56	141	77	71	143	37	31	46	46	100	64	41	75	27	38	31	26	34	45	51	14	30	90	24	36	26	36	39	48	25	23	27	41	28	32	10	40	34
G[C>T]T	33	17	139	8	22	23	16	15	33	99	39	44	100	19	21	28	22	121	39	20	56	22	18	26	16	19	18	18	10	19	80	15	33	28	22	32	35	22	12	14	21	27	28	4	17	28
G[T>A]A	5	0	22	2	2	4	1	2	3	12	4	2	13	1	2	3	3	15	2	3	10	2	3	7	2	1	0	7	4	3	12	0	25	14	9	6	8	13	8	7	13	6	4	5	3	9
G[T>A]C	0	0	0	0	0	0	0	0	0	0	0	0	0	0	0	0	0	0	0	0	0	0	0	0	0	0	0	0	0	0	0	0	6	10	9	9	9	10	0	4	11	3	3	1	4	5
G[T>A]G	0	0	0	0	0	0	0	0	0	0	0	0	0	0	0	0	0	0	0	0	0	0	0	0	0	0	0	0	0	0	0	0	15	23	2	8	12	5	4	2	8	5	9	3	8	8
G[T>A]T	3	2	46	3	5	0	4	7	6	34	15	9	49	7	4	8	5	44	11	9	28	6	4	4	5	7	2	3	1	4	30	2	11	13	3	6	9	1	2	2	5	3	6	3	6	8
G[T>C]A	14	3	121	5	7	9	5	5	14	81	26	31	95	9	6	18	16	98	9	4	51	6	13	8	5	10	10	19	3	8	57	6	15	20	17	28	12	2	11	9	13	11	10	3	10	11
G[T>C]C	0	0	0	0	0	0	0	0	0	0	0	0	0	0	0	0	0	0	0	0	0	0	0	0	0	0	0	0	0	0	0	0	12	10	8	25	12	10	5	6	7	6	11	1	13	9
G[T>C]G	0	0	0	0	0	0	0	0	0	0	0	0	0	0	0	0	0	0	0	0	0	0	0	0	0	0	0	0	0	0	0	0	16	28	10	33	30	21	16	8	19	9	20	5	14	15
G[T>C]T	31	7	218	5	20	16	3	13	15	201	39	60	192	14	12	30	7	166	16	11	115	7	12	9	6	14	3	28	1	11	91	13	18	20	24	30	12	13	13	13	26	18	12	3	22	20
G[T>G]A	4	2	19	2	2	5	1	1	3	23	9	6	22	0	2	5	2	21	4	1	13	6	2	0	4	4	2	6	0	1	14	1	5	6	4	6	8	6	2	3	2	0	5	1	4	3
G[T>G]C	0	0	0	0	0	0	0	0	0	0	0	0	0	0	0	0	0	0	0	0	0	0	0	0	0	0	0	0	0	0	0	0	9	9	1	11	6	9	4	6	1	1	6	2	8	4
G[T>G]G	0	0	0	0	0	0	0	0	0	0	0	0	0	0	0	0	0	0	0	0	0	0	0	0	0	0	0	0	0	0	0	0	53	44	29	41	66	65	24	29	30	26	47	18	19	28
G[T>G]T	7	2	86	2	3	12	6	0	2	60	11	16	61	8	4	12	5	54	4	3	33	3	2	3	1	3	2	9	2	3	31	4	6	10	4	5	7	5	4	5	7	3	2	0	5	5
T[C>A]A	0	0	0	0	0	0	0	0	0	0	0	0	0	0	0	0	0	0	0	0	0	0	0	0	0	0	0	0	0	0	0	0	81	55	160	28	25	22	64	19	116	90	48	106	107	100
T[C>A]C	14	6	114	7	11	14	9	4	32	105	17	31	93	13	6	23	4	94	16	6	49	5	6	11	10	7	9	17	4	6	60	7	10	8	5	8	3	5	5	3	12	7	10	1	13	7
T[C>A]G	13	1	27	1	1	9	5	3	8	28	10	6	18	3	2	5	5	16	4	8	9	4	3	3	2	5	1	2	0	2	12	3	6	3	3	1	2	2	2	0	2	2	6	1	1	1
T[C>A]T	0	0	0	0	0	0	0	0	0	0	0	0	0	0	0	0	0	0	0	0	0	0	0	0	0	0	0	0	0	0	0	0	12	6	18	14	9	5	2	3	14	9	14	4	19	15
T[C>G]A	0	0	0	0	0	0	0	0	0	0	0	0	0	0	0	0	0	0	0	0	0	0	0	0	0	0	0	0	0	0	0	0	15	13	10	16	4	9	3	6	9	12	12	1	14	7
T[C>G]C	17	6	143	5	11	9	5	5	16	95	19	34	110	8	5	18	7	94	15	11	58	2	6	4	5	6	8	31	7	15	71	12	19	12	14	17	16	6	6	12	22	10	13	1	11	11
T[C>G]G	6	6	27	5	3	4	1	3	8	24	8	4	18	6	0	5	2	15	6	4	12	5	4	8	2	1	1	10	2	5	19	2	1	6	2	8	3	2	1	2	4	3	2	2	3	5
T[C>G]T	0	0	0	0	0	0	0	0	0	0	0	0	0	0	0	0	0	0	0	0	0	0	0	0	0	0	0	0	0	0	0	0	38	26	19	22	18	5	11	8	16	17	15	4	37	24
T[C>T]A	0	0	0	0	0	0	0	0	0	0	0	0	0	0	0	0	0	0	0	0	0	0	0	0	0	0	0	0	0	0	0	0	33	27	30	13	19	10	12	18	27	20	18	4	23	18
T[C>T]C	51	24	418	25	39	33	34	38	78	394	86	109	398	59	35	85	39	298	62	49	176	21	46	29	29	38	45	53	29	49	205	27	39	30	26	38	20	14	14	22	31	28	18	11	33	22
T[C>T]G	34	19	127	19	28	29	21	27	29	100	39	33	111	28	22	31	26	82	44	27	44	9	21	29	19	15	29	26	7	20	72	13	22	32	32	27	25	9	7	20	28	17	13	7	28	11
T[C>T]T	0	0	0	0	0	0	0	0	0	0	0	0	0	0	0	0	0	0	0	0	0	0	0	0	0	0	0	0	0	0	0	0	96	76	56	58	69	64	47	45	45	44	51	34	56	60
T[T>A]A	9	8	145	8	8	14	13	19	23	118	25	27	115	9	13	19	11	99	26	15	61	10	16	21	11	13	9	47	7	11	75	8	13	16	10	9	6	5	4	7	14	4	5	3	5	8
T[T>A]C	2	9	60	5	3	6	7	7	12	42	12	14	57	7	10	12	6	41	9	6	23	6	8	6	1	7	5	10	2	4	27	6	7	6	5	3	6	2	4	6	6	5	6	1	7	6
T[T>A]G	7	5	35	6	5	4	1	5	6	37	19	11	43	6	5	10	6	40	6	4	32	3	7	6	1	3	4	10	2	3	29	5	9	3	5	6	7	3	1	3	2	5	2	1	4	4
T[T>A]T	30	13	188	14	20	25	19	16	31	175	50	57	202	19	14	39	14	146	45	13	91	21	25	18	15	10	10	45	10	16	106	10	8	12	10	11	7	8	11	4	9	8	13	6	12	12
T[T>C]A	55	27	539	17	35	40	18	23	45	456	90	126	479	37	27	92	24	376	47	29	221	21	40	28	22	24	23	44	16	25	280	26	20	27	19	14	13	5	12	12	26	15	10	3	23	18
T[T>C]C	34	13	295	11	19	20	16	10	31	251	57	69	251	23	11	53	12	234	26	19	148	8	18	15	10	17	10	28	7	13	140	20	21	23	19	42	18	17	10	15	14	20	12	3	18	17
T[T>C]G	35	17	270	18	32	19	16	15	29	208	70	78	248	30	16	53	30	193	44	32	121	13	28	22	14	21	21	49	12	21	141	30	17	10	11	16	9	12	9	8	6	10	9	1	9	11
T[T>C]T	92	39	897	35	53	59	41	36	98	733	148	235	851	77	59	136	49	616	79	56	402	29	61	52	34	52	33	85	20	45	414	44	17	24	18	32	23	15	15	22	14	16	16	2	12	24
T[T>G]A	22	2	182	11	10	10	6	11	15	165	36	50	161	16	6	29	7	141	13	15	70	7	17	17	8	8	11	35	4	19	95	8	4	9	6	6	1	1	4	4	5	4	7	1	9	8
T[T>G]C	10	0	81	2	9	9	3	6	3	61	18	19	66	9	3	14	5	62	12	6	30	3	5	5	3	6	2	11	1	11	40	5	4	4	5	3	4	2	5	3	7	11	4	0	5	5
T[T>G]G	10	5	62	3	0	3	5	4	7	47	10	14	56	5	2	8	2	48	10	9	25	2	5	7	2	1	4	11	2	4	35	5	6	13	9	14	17	7	4	4	7	7	9	3	9	14
T[T>G]T	28	13	320	9	22	26	16	13	23	264	61	80	261	21	18	48	19	252	26	19	147	5	8	14	14	12	11	33	6	16	155	6	16	15	12	7	9	3	6	8	26	16	14	4	15	18
