Mutation Types	BTCA-SG_SP117017	BTCA-SG_SP117031	BTCA-SG_SP117332	BTCA-SG_SP117425	BTCA-SG_SP117556	BTCA-SG_SP117621	BTCA-SG_SP117627	BTCA-SG_SP117655	BTCA-SG_SP117712	BTCA-SG_SP117759	BTCA-SG_SP117775	BTCA-SG_SP117930	LIRI-JP_SP99113	LIRI-JP_SP99185	LIRI-JP_SP99209	LIRI-JP_SP99213	LIRI-JP_SP99221	LIRI-JP_SP99225	LIRI-JP_SP99241	LIRI-JP_SP99287	LIRI-JP_SP99289	LIRI-JP_SP99293	LIRI-JP_SP99297	LIRI-JP_SP99301	LIRI-JP_SP99305	LIRI-JP_SP99309	LIRI-JP_SP99313	LIRI-JP_SP99317	LIRI-JP_SP99321	LIRI-JP_SP99325	LIRI-JP_SP99329	LIRI-JP_SP99333	LIRI-JP_SP99337	LIRI-JP_SP99341	LIRI-JP_SP99345
A[C>A]A	54	196	53	145	114	172	105	271	194	244	220	295	58	265	198	75	21	62	292	72	293	191	26	25	123	116	98	50	54	559	194	69	91	73	62
A[C>A]C	55	105	39	114	59	138	72	154	144	190	125	163	24	125	128	65	18	43	209	43	200	122	14	26	61	100	71	18	44	597	122	43	53	56	28
A[C>A]G	14	15	8	15	13	20	13	25	31	14	29	33	21	38	52	10	4	8	51	16	44	24	6	3	16	16	16	7	8	72	18	5	14	9	8
A[C>A]T	41	122	31	107	71	123	75	155	120	176	126	170	31	145	117	33	21	36	201	49	159	104	18	54	54	85	73	12	42	907	155	34	56	43	39
A[C>G]A	21	48	15	70	29	81	22	81	72	61	65	74	24	65	59	29	7	29	77	25	75	32	15	14	22	71	45	12	19	379	141	23	34	26	23
A[C>G]C	23	45	7	35	19	25	16	62	45	38	32	51	5	36	24	24	5	9	49	20	40	39	2	7	18	39	30	3	13	283	77	18	14	11	17
A[C>G]G	0	10	3	15	6	18	4	11	13	8	28	14	3	23	15	7	1	5	17	4	16	10	3	1	5	13	15	2	1	37	20	4	5	3	5
A[C>G]T	24	64	21	81	21	49	18	117	50	57	64	77	8	47	45	42	8	20	101	27	71	78	15	13	20	42	38	12	16	582	170	23	29	30	24
A[C>T]A	424	163	51	178	104	198	155	239	163	292	238	216	54	165	159	71	36	78	258	73	247	148	23	312	77	150	143	37	67	5923	184	49	72	77	61
A[C>T]C	275	68	28	71	49	100	96	121	102	132	107	104	16	98	106	60	15	36	136	36	124	70	13	121	40	65	77	11	40	2561	88	36	45	54	41
A[C>T]G	293	637	150	351	341	721	375	488	113	871	612	536	79	88	158	261	63	134	166	99	145	128	45	945	123	130	95	50	342	9024	163	121	116	138	46
A[C>T]T	415	139	18	108	79	163	100	212	97	193	177	133	43	145	114	80	34	50	191	50	160	116	26	99	48	84	90	25	54	2264	94	26	55	55	45
A[T>A]A	52	81	28	72	40	80	44	195	100	116	93	118	21	112	138	28	24	45	222	31	149	96	19	63	35	63	52	17	36	2660	136	29	36	35	59
A[T>A]C	40	61	17	57	34	56	50	105	74	88	75	91	13	63	74	43	18	24	108	29	93	51	17	90	23	39	55	15	29	2646	97	24	29	27	34
A[T>A]G	38	79	36	56	46	82	43	148	98	68	106	91	50	113	146	46	29	37	207	58	148	80	20	17	43	43	41	19	29	379	142	26	50	26	71
A[T>A]T	78	193	33	119	125	142	73	240	133	237	134	286	27	100	135	70	30	38	173	44	143	71	41	206	51	115	67	15	59	2731	171	60	60	70	58
A[T>C]A	113	155	67	140	86	206	73	251	577	168	187	274	97	333	429	76	64	118	910	133	853	454	80	165	146	181	290	66	65	6648	190	66	143	80	188
A[T>C]C	34	50	19	43	21	69	47	74	97	88	73	102	20	111	140	34	13	40	294	30	302	125	14	67	28	65	92	15	27	1948	77	24	34	30	38
A[T>C]G	101	80	43	85	87	121	51	128	307	97	135	180	111	239	284	51	42	86	586	110	587	189	14	82	99	88	160	36	38	4273	114	36	92	51	82
A[T>C]T	101	127	40	115	78	178	83	193	254	163	168	199	102	255	279	78	46	97	563	130	521	232	70	82	124	118	220	56	70	3417	194	83	92	84	107
A[T>G]A	21	32	12	38	18	39	13	86	50	35	32	49	17	55	47	23	9	17	63	12	57	36	2	11	13	24	51	7	8	602	54	15	22	16	31
A[T>G]C	7	22	6	9	4	25	6	26	19	24	13	26	5	27	17	14	4	6	44	5	26	13	2	14	5	12	45	2	3	276	13	7	11	9	11
A[T>G]G	17	28	7	33	17	27	11	45	25	34	34	40	2	34	33	9	6	11	68	12	24	27	1	6	13	17	39	8	13	290	40	8	13	11	21
A[T>G]T	24	59	13	59	26	48	25	84	60	52	67	87	19	53	48	29	4	11	76	19	58	42	13	42	17	28	149	9	16	590	44	12	12	30	10
C[C>A]A	56	140	33	129	68	148	73	228	203	326	134	268	48	246	180	37	28	72	340	72	298	141	38	73	66	96	81	26	49	1578	150	41	94	63	58
C[C>A]C	40	104	25	77	57	127	55	157	189	128	87	136	15	140	176	41	8	37	264	38	260	78	16	102	34	54	65	20	32	2603	166	29	41	38	43
C[C>A]G	9	17	10	17	9	18	8	30	48	17	27	30	5	40	52	10	2	7	65	8	54	24	3	28	8	10	11	7	8	531	28	8	11	6	14
C[C>A]T	42	168	39	114	73	139	61	188	163	263	145	282	36	167	139	50	8	47	249	50	228	150	39	396	47	115	79	18	55	7160	195	27	56	59	37
C[C>G]A	17	29	14	54	18	44	22	68	40	44	48	48	13	40	55	16	8	15	72	6	62	40	2	4	12	28	31	7	7	149	78	9	16	11	10
C[C>G]C	16	39	14	37	18	47	15	50	48	31	37	49	9	37	49	11	4	20	73	18	52	26	3	3	15	18	44	5	6	106	63	11	18	18	13
C[C>G]G	6	9	2	10	8	12	10	18	9	7	18	14	3	10	12	5	4	6	22	3	19	5	0	1	3	8	29	1	3	58	12	2	1	4	7
C[C>G]T	23	41	24	86	37	68	23	91	67	55	80	84	14	66	59	23	9	21	92	26	96	70	5	4	33	32	59	11	22	236	122	17	30	22	14
C[C>T]A	307	144	53	184	95	207	134	259	147	221	206	193	60	146	164	118	31	63	361	68	317	162	39	65	48	117	128	29	51	1554	135	55	81	52	59
C[C>T]C	123	112	42	96	80	144	114	158	144	135	142	124	43	103	125	70	36	59	233	41	220	136	29	110	52	77	112	30	56	2272	91	45	54	79	45
C[C>T]G	190	403	105	251	189	543	277	331	110	529	420	330	37	77	83	173	26	79	125	70	98	87	18	572	84	73	77	22	195	5800	118	89	71	80	27
C[C>T]T	237	144	48	142	91	199	115	256	173	219	209	195	73	232	221	97	45	77	451	85	333	179	34	111	83	147	145	55	62	1899	169	55	87	87	67
C[T>A]A	29	44	22	40	36	56	13	158	117	45	51	96	13	62	94	14	6	14	158	22	102	68	5	8	21	35	35	8	18	426	99	16	16	49	77
C[T>A]C	32	59	15	54	31	52	31	120	87	52	61	63	10	66	83	36	16	24	234	20	176	73	9	23	22	40	99	5	26	679	93	15	20	29	61
C[T>A]G	30	41	34	45	32	59	26	217	157	55	61	78	37	86	128	107	15	29	189	20	186	59	16	16	28	38	78	12	28	346	161	15	26	56	127
C[T>A]T	32	95	28	98	42	121	43	194	93	84	81	124	16	85	119	39	16	30	205	42	171	73	19	30	28	34	74	15	24	453	244	24	27	58	69
C[T>C]A	55	67	17	51	34	57	32	95	172	65	64	137	36	140	169	32	17	47	301	27	350	126	14	80	32	64	131	23	37	4352	77	21	53	39	73
C[T>C]C	34	52	11	66	32	90	33	110	93	84	78	85	24	104	143	56	16	32	371	45	420	148	12	51	31	39	123	9	31	1905	101	17	21	30	50
C[T>C]G	58	60	23	50	47	94	38	101	129	94	69	122	29	87	132	67	18	34	285	35	294	107	19	81	36	47	169	11	19	4805	67	24	52	36	37
C[T>C]T	47	84	22	109	51	126	38	173	125	118	108	124	34	120	158	93	23	55	350	63	341	126	28	102	29	73	140	16	21	3136	132	24	48	56	35
C[T>G]A	17	23	7	22	9	23	10	36	29	31	14	34	6	16	26	11	0	8	48	11	39	13	2	4	9	11	87	4	2	234	31	5	9	6	11
C[T>G]C	9	24	5	29	15	33	10	33	34	31	35	39	5	33	44	38	8	5	77	9	78	20	1	19	11	24	96	2	7	502	22	5	10	15	14
C[T>G]G	16	34	8	39	23	45	8	51	46	35	45	62	14	33	27	18	7	8	56	16	42	26	1	26	17	11	109	6	13	587	61	7	22	21	14
C[T>G]T	31	155	18	208	53	109	44	268	63	128	132	123	6	62	83	203	5	19	122	19	100	47	5	84	35	35	429	11	22	1002	52	9	24	61	16
G[C>A]A	49	143	23	123	81	119	62	169	186	231	164	199	31	126	122	60	30	49	220	54	181	103	50	32	47	47	76	21	32	471	119	47	79	64	38
G[C>A]C	40	69	25	59	42	81	50	80	338	69	88	97	16	78	107	34	16	24	165	39	171	64	4	61	36	50	54	9	22	776	99	34	34	40	42
G[C>A]G	6	17	15	15	14	15	9	19	142	32	23	35	5	22	40	23	5	5	44	8	49	19	7	12	8	8	10	5	6	162	18	9	13	11	9
G[C>A]T	31	114	24	90	53	102	46	137	214	167	116	158	14	79	74	43	12	30	116	30	104	75	15	161	31	59	63	17	32	1476	90	24	53	37	33
G[C>G]A	19	32	10	31	13	30	9	31	34	39	32	29	10	17	23	19	5	17	46	13	34	28	12	6	16	20	24	4	6	194	56	6	14	10	8
G[C>G]C	12	22	6	36	16	28	21	50	42	32	24	38	11	28	41	22	5	11	48	12	66	25	7	12	10	21	18	4	6	526	76	6	9	23	22
G[C>G]G	1	10	1	8	4	8	4	5	8	3	21	11	2	9	7	1	0	4	4	5	10	6	4	0	3	2	2	2	2	49	9	1	3	3	7
G[C>G]T	16	23	10	35	20	43	14	71	35	28	41	60	15	41	32	9	6	11	75	16	45	20	4	8	26	21	30	4	14	293	87	8	14	27	16
G[C>T]A	202	111	32	130	101	148	145	190	152	198	155	156	38	142	152	83	23	67	232	60	261	107	24	320	60	91	78	19	48	6474	130	51	58	67	44
G[C>T]C	260	123	31	114	66	117	111	150	210	163	120	178	33	84	103	88	25	63	173	40	179	83	15	586	52	76	104	24	46	9142	101	45	55	60	46
G[C>T]G	238	530	121	239	268	630	293	475	163	678	489	406	33	65	138	202	23	79	131	44	128	88	30	1181	90	94	103	15	190	10280	120	111	76	98	34
G[C>T]T	144	102	31	121	69	141	90	167	179	180	138	125	43	139	163	64	23	62	254	59	209	106	19	342	60	95	99	15	48	5515	108	42	70	52	38
G[T>A]A	18	26	12	30	20	31	15	96	55	36	35	37	4	41	53	28	7	13	102	23	53	27	6	21	15	13	28	6	15	504	68	13	15	17	38
G[T>A]C	25	29	9	32	14	29	17	45	39	28	24	34	12	29	55	24	9	14	65	11	56	36	10	49	21	15	47	4	16	1038	37	11	23	15	24
G[T>A]G	25	40	17	29	18	40	22	102	64	40	38	51	30	57	66	36	4	21	119	33	93	42	9	20	28	23	32	9	16	484	73	15	28	11	39
G[T>A]T	22	48	11	47	20	66	20	90	57	50	52	70	13	29	55	32	9	24	86	23	61	29	11	32	17	44	32	3	16	641	115	10	20	18	20
G[T>C]A	68	71	36	72	55	90	46	89	214	98	99	182	41	179	240	50	30	68	420	43	528	162	17	261	65	77	107	22	43	12162	97	33	53	48	66
G[T>C]C	24	39	15	40	30	52	34	48	131	79	51	98	11	93	116	50	12	29	208	25	238	66	11	132	21	33	69	8	23	3481	67	17	27	41	37
G[T>C]G	53	60	21	30	24	65	26	69	113	74	72	117	28	110	157	34	11	29	322	44	305	75	8	85	26	37	94	9	18	6677	75	18	45	34	34
G[T>C]T	64	75	35	83	39	98	61	106	157	98	130	164	61	156	187	49	30	63	432	48	337	119	27	154	55	95	104	18	41	8172	112	32	66	48	65
G[T>G]A	8	18	2	19	8	20	7	20	23	15	21	19	3	25	17	10	2	6	22	9	16	9	4	8	3	9	15	3	6	146	30	7	3	5	6
G[T>G]C	4	5	4	15	5	25	6	18	24	5	7	16	4	12	20	19	2	1	22	6	27	7	1	19	5	5	23	3	5	186	15	5	4	11	10
G[T>G]G	14	25	7	20	20	45	15	44	29	29	28	34	16	26	25	10	7	11	39	14	31	19	6	12	19	24	39	1	14	210	49	4	10	9	11
G[T>G]T	17	46	7	68	15	65	14	89	71	60	35	75	5	29	28	66	3	11	47	12	31	21	3	96	16	18	99	9	16	666	41	3	21	27	8
T[C>A]A	67	220	65	274	130	212	100	296	164	332	281	311	27	160	152	134	16	63	256	60	232	184	34	26	54	137	92	28	60	572	159	47	75	60	63
T[C>A]C	89	135	49	160	56	160	73	201	249	134	172	174	24	193	225	43	22	47	303	53	264	146	17	41	51	80	101	23	53	760	140	46	52	64	51
T[C>A]G	11	20	6	18	21	23	21	36	44	20	21	44	8	31	40	17	4	6	44	13	34	15	2	7	9	10	15	5	5	87	13	8	7	13	9
T[C>A]T	78	320	73	270	164	282	155	333	205	428	338	544	39	189	173	116	25	61	290	79	236	209	57	129	89	229	123	44	88	2053	197	73	110	83	67
T[C>G]A	35	220	188	1017	46	427	63	353	71	216	452	137	16	55	53	124	14	16	99	24	77	125	12	15	45	54	73	14	39	405	246	14	23	19	46
T[C>G]C	24	85	59	232	20	159	30	140	81	80	162	104	12	51	69	42	17	18	122	17	89	64	10	5	39	30	54	6	22	275	130	12	21	19	18
T[C>G]G	6	11	11	28	4	26	6	15	17	16	29	10	4	15	7	4	0	5	17	3	11	8	2	0	3	4	24	2	3	43	12	3	3	3	3
T[C>G]T	65	303	204	1222	65	650	86	582	120	299	621	275	42	128	120	151	27	36	210	42	158	227	25	22	82	85	120	21	51	958	357	24	67	60	42
T[C>T]A	190	489	307	2109	122	1027	377	928	206	791	867	394	55	182	184	281	50	77	311	64	254	347	48	91	104	228	156	33	87	2712	247	70	90	102	62
T[C>T]C	155	250	112	565	98	418	190	468	187	367	383	281	32	145	170	119	40	73	229	58	194	234	45	120	102	151	156	47	76	2481	161	57	75	100	61
T[C>T]G	123	286	106	357	178	401	192	247	79	415	354	276	30	63	67	141	13	71	97	40	74	74	22	389	63	66	40	19	132	3806	82	55	56	69	26
T[C>T]T	149	342	169	1206	84	722	279	772	182	635	627	399	32	208	195	192	49	78	358	71	263	301	54	94	119	216	143	38	84	2961	213	61	88	89	78
T[T>A]A	52	131	38	93	78	110	59	228	141	164	96	169	26	84	108	62	18	37	221	27	143	78	22	65	38	65	58	10	47	1694	126	27	46	30	63
T[T>A]C	24	49	20	43	26	53	26	72	71	34	64	65	10	71	104	25	11	28	176	16	188	84	13	20	20	37	50	8	20	707	99	15	27	17	45
T[T>A]G	17	29	18	32	20	36	19	110	94	38	46	50	28	71	75	20	10	14	111	33	117	58	6	9	21	25	37	6	14	318	67	12	19	15	37
T[T>A]T	29	137	23	99	66	143	57	181	148	148	104	163	34	84	143	69	22	32	244	49	194	96	18	50	50	87	85	15	40	1086	214	24	54	42	52
T[T>C]A	100	91	28	112	51	108	52	150	464	99	96	188	41	210	271	45	31	61	444	57	648	233	22	150	58	114	151	11	53	8126	103	35	56	52	92
T[T>C]C	61	81	20	53	38	80	47	100	116	102	81	159	32	124	148	41	18	37	315	35	370	129	23	106	30	71	82	8	30	3453	98	34	41	31	55
T[T>C]G	69	49	15	45	37	59	22	70	235	66	55	94	29	107	148	46	12	34	258	45	347	87	7	61	40	47	74	15	16	3562	65	28	44	18	48
T[T>C]T	80	114	27	96	76	135	81	144	232	152	126	204	45	153	223	69	34	77	533	67	451	175	26	206	67	99	112	18	51	6293	121	42	61	62	85
T[T>G]A	19	47	15	65	26	44	16	83	49	23	38	52	7	41	42	29	7	13	95	18	64	38	8	12	7	32	126	8	11	813	75	9	19	17	26
T[T>G]C	15	28	8	31	10	31	8	49	39	21	31	37	7	32	29	18	4	15	81	11	47	29	4	17	7	19	75	6	15	259	42	4	15	16	14
T[T>G]G	11	45	16	44	31	52	15	63	56	40	53	59	14	45	48	18	5	15	82	15	54	36	4	16	15	32	84	6	10	472	51	10	15	17	26
T[T>G]T	47	127	38	126	65	132	52	199	104	124	122	166	20	77	93	50	18	23	211	39	125	91	15	65	35	64	387	21	42	1487	110	29	36	48	38
