Mutation Types	BOCA-UK_SP116383	BOCA-UK_SP116385	BOCA-UK_SP116391	BOCA-UK_SP116401	BOCA-UK_SP116409	BOCA-UK_SP116416	BOCA-UK_SP116424	BOCA-UK_SP116440	BOCA-UK_SP116450	BOCA-UK_SP116493
A[C>A]A	74	37	34	38	62	25	9	30	66	33
A[C>A]C	72	36	25	14	27	10	10	28	54	35
A[C>A]G	8	5	2	5	10	0	1	5	3	7
A[C>A]T	51	36	35	22	40	17	4	34	44	25
A[C>G]A	29	30	14	11	28	13	5	11	22	14
A[C>G]C	18	15	9	12	15	4	7	6	22	12
A[C>G]G	2	4	3	5	8	4	2	3	4	1
A[C>G]T	38	23	15	9	19	10	6	8	32	11
A[C>T]A	75	77	35	40	49	17	14	43	84	43
A[C>T]C	49	31	18	21	30	17	10	18	37	25
A[C>T]G	163	93	82	107	59	60	67	109	111	64
A[C>T]T	55	50	21	21	41	14	8	29	43	33
A[T>A]A	93	18	14	20	27	20	10	20	80	22
A[T>A]C	43	29	6	9	21	10	7	25	21	4
A[T>A]G	37	30	8	12	22	8	5	20	27	11
A[T>A]T	78	34	11	17	43	19	9	19	53	31
A[T>C]A	114	59	19	52	38	20	19	53	101	48
A[T>C]C	36	27	10	20	14	11	7	20	33	22
A[T>C]G	61	37	22	27	31	10	14	27	50	30
A[T>C]T	106	48	36	30	49	20	11	50	82	56
A[T>G]A	51	17	6	10	13	9	2	10	27	10
A[T>G]C	24	10	4	7	8	3	1	4	15	3
A[T>G]G	16	23	9	7	13	6	5	9	20	8
A[T>G]T	20	14	6	16	33	10	4	10	21	4
C[C>A]A	64	35	28	17	42	19	10	21	50	17
C[C>A]C	53	25	14	22	24	10	6	22	41	16
C[C>A]G	2	5	4	2	9	4	5	2	7	4
C[C>A]T	56	26	25	16	42	20	16	20	48	23
C[C>G]A	21	16	9	3	10	3	3	6	17	12
C[C>G]C	23	19	9	8	19	7	0	4	13	16
C[C>G]G	3	2	2	1	9	0	1	3	3	2
C[C>G]T	24	16	11	6	17	4	5	8	29	8
C[C>T]A	79	53	15	36	39	16	20	29	60	29
C[C>T]C	63	37	15	17	27	18	14	29	30	34
C[C>T]G	91	55	51	69	41	32	25	56	62	37
C[C>T]T	75	59	19	32	59	28	13	49	69	32
C[T>A]A	32	11	10	10	11	6	5	13	21	10
C[T>A]C	35	13	16	7	18	10	0	19	14	9
C[T>A]G	28	20	12	11	21	2	3	14	25	9
C[T>A]T	60	24	20	14	31	12	5	14	36	25
C[T>C]A	43	40	9	8	28	10	4	15	34	11
C[T>C]C	63	18	16	19	41	17	10	30	37	18
C[T>C]G	39	34	4	9	27	7	5	21	37	24
C[T>C]T	56	47	15	13	57	19	5	20	49	21
C[T>G]A	12	8	5	7	8	2	1	1	12	6
C[T>G]C	15	9	2	4	14	1	1	5	14	4
C[T>G]G	20	7	7	6	21	3	2	5	22	8
C[T>G]T	16	12	11	13	109	6	3	7	25	11
G[C>A]A	29	17	49	26	40	14	11	14	28	9
G[C>A]C	36	18	17	10	26	8	6	16	28	10
G[C>A]G	3	6	3	5	11	2	6	0	3	3
G[C>A]T	25	15	37	9	27	13	7	9	12	15
G[C>G]A	23	8	8	5	6	3	5	3	11	6
G[C>G]C	15	15	5	2	13	3	4	6	12	9
G[C>G]G	0	4	6	3	3	0	4	1	2	1
G[C>G]T	25	15	9	13	13	8	4	7	18	12
G[C>T]A	53	35	26	24	30	23	20	24	43	30
G[C>T]C	50	33	19	28	19	18	19	18	30	30
G[C>T]G	142	71	62	90	52	41	31	67	81	61
G[C>T]T	60	34	15	25	32	14	11	26	42	24
G[T>A]A	21	20	5	5	13	5	3	15	12	7
G[T>A]C	17	9	6	8	9	2	1	4	13	8
G[T>A]G	40	14	9	3	12	3	7	6	16	9
G[T>A]T	31	13	14	10	9	11	2	11	21	12
G[T>C]A	80	44	18	33	22	15	6	24	46	30
G[T>C]C	31	22	9	20	12	10	11	16	27	17
G[T>C]G	42	27	3	19	31	2	4	19	26	10
G[T>C]T	76	38	12	30	35	17	18	29	54	29
G[T>G]A	13	13	2	8	4	2	2	6	7	3
G[T>G]C	8	3	3	1	5	5	1	2	8	6
G[T>G]G	20	22	9	15	11	12	3	13	19	11
G[T>G]T	21	9	3	3	39	8	2	5	10	6
T[C>A]A	83	31	53	33	65	22	18	20	65	23
T[C>A]C	60	15	29	24	49	6	11	22	34	27
T[C>A]G	8	2	2	9	6	6	2	1	6	5
T[C>A]T	91	29	51	41	57	40	8	27	68	25
T[C>G]A	174	44	11	28	25	9	6	14	130	23
T[C>G]C	59	23	13	12	15	8	6	9	37	15
T[C>G]G	11	3	1	2	5	1	0	0	4	0
T[C>G]T	292	63	26	39	48	29	10	35	184	33
T[C>T]A	583	74	19	48	67	24	14	50	236	32
T[C>T]C	142	53	24	41	70	22	19	34	78	36
T[C>T]G	88	44	47	47	19	19	25	29	65	33
T[C>T]T	314	74	26	44	70	25	30	50	158	32
T[T>A]A	55	30	16	19	21	7	12	10	48	19
T[T>A]C	39	9	15	9	15	4	5	10	24	11
T[T>A]G	34	14	5	5	11	3	1	9	18	9
T[T>A]T	56	36	24	23	30	14	4	14	52	9
T[T>C]A	89	30	8	26	24	12	5	20	60	19
T[T>C]C	79	25	18	22	29	9	7	21	34	22
T[T>C]G	36	10	3	6	17	5	1	9	24	15
T[T>C]T	88	33	24	25	31	16	6	26	56	26
T[T>G]A	34	6	7	9	14	6	3	7	15	13
T[T>G]C	29	12	7	8	17	3	4	4	12	6
T[T>G]G	21	24	6	8	6	6	3	6	14	4
T[T>G]T	44	22	14	14	82	14	5	14	42	17
