Mutation Types	BOCA-UK_SP116393	BOCA-UK_SP116442	BOCA-UK_SP116446	BOCA-UK_SP116448	BOCA-UK_SP116536	BOCA-UK_SP116539	BOCA-UK_SP116542	BOCA-UK_SP116545	BOCA-UK_SP116548	BOCA-UK_SP116550	BOCA-UK_SP116553	BOCA-UK_SP116557	BOCA-UK_SP116559	BOCA-UK_SP116562	BOCA-UK_SP116564	BOCA-UK_SP116571
A[C>A]A	1	9	10	1	44	25	31	16	20	8	23	8	24	35	18	34
A[C>A]C	1	1	2	0	32	14	19	20	22	4	9	8	25	8	18	8
A[C>A]G	0	2	0	0	4	3	5	4	4	3	2	0	3	3	1	4
A[C>A]T	2	10	2	1	33	22	9	13	9	5	14	8	21	12	8	21
A[C>G]A	2	2	0	0	8	3	11	6	6	4	7	7	7	6	3	8
A[C>G]C	0	2	0	0	4	2	2	4	1	0	2	0	3	10	3	2
A[C>G]G	0	1	0	0	1	1	0	1	4	1	3	0	2	1	2	3
A[C>G]T	0	3	1	1	7	3	10	3	4	1	4	1	4	6	5	13
A[C>T]A	4	15	7	1	62	31	17	16	21	14	28	7	20	16	26	16
A[C>T]C	1	1	1	1	27	8	11	7	12	12	3	4	13	14	13	10
A[C>T]G	7	18	6	1	81	25	47	31	45	19	27	19	31	47	26	30
A[C>T]T	3	10	2	0	34	15	14	15	18	6	21	5	16	22	17	13
A[T>A]A	3	8	4	1	28	10	4	13	9	5	9	11	26	26	11	14
A[T>A]C	0	2	1	2	21	6	11	9	8	2	3	3	13	9	8	4
A[T>A]G	1	8	3	0	19	9	12	7	13	3	7	5	10	17	12	5
A[T>A]T	0	9	3	2	21	9	6	9	19	3	11	1	19	23	8	12
A[T>C]A	1	3	2	2	34	21	17	15	21	13	16	13	8	31	11	15
A[T>C]C	1	2	1	3	15	4	5	4	5	0	0	3	6	5	8	13
A[T>C]G	0	4	2	0	25	6	16	9	12	4	4	5	11	12	7	9
A[T>C]T	3	9	3	1	45	8	9	10	17	12	14	8	19	23	13	11
A[T>G]A	1	3	0	0	12	2	3	2	4	2	9	2	6	17	5	5
A[T>G]C	0	1	1	0	0	0	0	1	1	1	2	1	1	2	3	2
A[T>G]G	0	1	1	1	8	3	10	2	1	2	7	3	3	8	3	2
A[T>G]T	2	0	2	0	11	0	3	3	5	0	2	3	2	3	3	5
C[C>A]A	4	8	2	1	26	11	11	7	15	2	16	7	13	11	13	19
C[C>A]C	0	6	2	1	17	8	8	5	14	2	4	5	16	10	11	9
C[C>A]G	1	1	1	1	7	1	4	1	3	2	1	0	0	3	4	0
C[C>A]T	3	10	1	0	17	9	9	8	15	3	8	5	13	16	21	15
C[C>G]A	0	0	1	0	10	3	2	1	4	1	5	4	5	3	1	4
C[C>G]C	0	0	1	0	4	2	1	2	3	1	2	1	1	5	3	5
C[C>G]G	1	0	0	0	3	0	2	2	0	0	1	0	2	1	2	2
C[C>G]T	0	3	1	0	9	2	4	1	1	0	1	1	2	1	3	7
C[C>T]A	3	6	0	1	28	13	10	13	16	6	8	8	15	18	12	22
C[C>T]C	0	11	3	2	18	7	12	7	13	8	8	6	13	16	12	11
C[C>T]G	5	12	8	4	54	18	25	21	27	13	13	11	15	18	23	27
C[C>T]T	2	12	2	1	37	19	22	18	23	14	24	6	24	28	27	25
C[T>A]A	1	3	0	0	10	6	4	6	5	0	9	3	4	6	2	5
C[T>A]C	0	1	2	0	16	13	2	4	11	4	2	0	11	10	10	8
C[T>A]G	0	3	1	0	18	9	9	4	6	5	3	5	14	9	6	2
C[T>A]T	0	3	3	0	25	14	7	7	10	3	9	4	18	7	10	13
C[T>C]A	0	2	1	0	16	4	6	5	8	1	5	0	6	9	4	7
C[T>C]C	2	2	7	0	14	7	11	8	3	8	7	6	10	16	6	11
C[T>C]G	0	2	2	0	7	4	3	2	7	1	3	1	5	8	4	11
C[T>C]T	2	5	2	2	10	5	6	6	9	5	3	8	5	6	5	9
C[T>G]A	0	3	0	0	3	2	1	2	4	0	4	0	3	2	1	3
C[T>G]C	0	1	0	0	5	1	3	3	2	2	0	3	3	1	2	4
C[T>G]G	0	2	2	0	15	1	4	6	5	0	5	3	2	4	3	4
C[T>G]T	0	0	2	0	5	8	4	4	5	2	2	2	2	3	3	13
G[C>A]A	2	12	1	1	29	5	8	8	5	4	7	8	14	20	15	14
G[C>A]C	0	4	0	2	15	6	10	7	6	3	4	1	8	10	8	9
G[C>A]G	0	1	0	1	2	0	2	2	2	0	0	0	1	5	3	0
G[C>A]T	0	5	1	1	18	4	4	5	5	2	5	1	9	6	7	8
G[C>G]A	2	0	0	0	3	4	5	3	1	0	2	0	5	4	6	2
G[C>G]C	0	0	0	0	5	1	3	2	4	0	4	3	4	3	1	3
G[C>G]G	0	1	0	0	1	2	1	1	0	2	0	0	2	1	0	1
G[C>G]T	0	1	0	0	11	1	2	2	2	0	0	2	0	2	4	4
G[C>T]A	0	3	0	1	24	8	5	9	13	5	6	6	7	15	12	14
G[C>T]C	6	6	4	4	21	8	8	9	16	4	5	4	8	16	11	3
G[C>T]G	4	13	4	1	57	13	19	20	34	10	18	8	20	26	19	27
G[C>T]T	1	1	2	2	15	12	17	16	19	8	12	4	28	15	16	11
G[T>A]A	1	1	0	0	12	2	2	5	2	3	4	0	9	3	2	6
G[T>A]C	0	4	1	0	8	3	2	4	11	1	1	3	9	11	6	3
G[T>A]G	0	1	1	0	8	5	9	2	6	0	2	3	8	9	7	5
G[T>A]T	1	5	0	0	21	6	4	7	7	3	3	6	10	11	7	10
G[T>C]A	2	0	1	1	20	4	7	6	2	2	4	2	9	16	8	7
G[T>C]C	1	1	3	1	11	4	8	2	3	3	3	4	4	10	6	8
G[T>C]G	0	1	2	0	13	3	7	2	6	4	5	1	1	10	3	4
G[T>C]T	0	6	1	0	24	5	8	7	9	5	2	8	5	9	8	12
G[T>G]A	3	0	1	1	8	0	2	3	2	2	2	2	2	1	1	3
G[T>G]C	1	2	0	1	3	1	1	1	1	2	3	3	0	3	0	1
G[T>G]G	9	6	7	5	15	14	12	10	9	8	7	11	21	10	7	18
G[T>G]T	2	2	3	2	6	3	2	1	5	0	2	2	3	9	5	2
T[C>A]A	3	6	1	2	16	13	10	12	14	0	11	7	14	10	7	19
T[C>A]C	1	6	0	0	15	4	6	7	7	2	6	1	18	12	13	22
T[C>A]G	1	0	0	0	5	3	0	1	3	0	2	1	2	0	1	2
T[C>A]T	1	7	1	1	29	10	9	9	11	2	4	3	13	23	8	16
T[C>G]A	2	3	0	0	5	0	5	3	2	4	0	4	7	13	3	33
T[C>G]C	1	1	1	0	11	6	1	5	7	2	7	1	0	4	4	10
T[C>G]G	0	0	0	0	4	1	1	0	2	1	0	0	0	0	1	0
T[C>G]T	1	2	3	1	13	6	11	6	9	4	14	4	5	16	6	36
T[C>T]A	4	6	8	3	22	12	12	9	23	8	13	11	16	18	6	42
T[C>T]C	2	5	4	2	30	13	16	13	8	6	17	8	17	20	15	20
T[C>T]G	3	8	9	1	36	9	15	9	15	7	10	6	23	18	18	18
T[C>T]T	1	9	3	4	26	22	13	8	16	12	14	10	20	24	22	45
T[T>A]A	1	7	4	3	11	6	8	4	4	3	7	3	3	14	4	8
T[T>A]C	0	2	1	0	15	6	6	8	5	1	3	2	7	4	3	9
T[T>A]G	0	1	2	0	4	2	0	5	4	3	3	2	4	8	4	4
T[T>A]T	0	11	4	1	19	12	23	6	12	5	10	6	18	7	9	14
T[T>C]A	1	1	1	0	6	11	9	8	5	3	4	2	4	13	5	15
T[T>C]C	0	1	0	1	13	6	11	7	5	3	5	0	4	13	8	7
T[T>C]G	0	1	1	1	1	0	5	0	1	4	1	0	7	14	2	3
T[T>C]T	0	4	4	2	15	5	4	7	15	4	12	1	5	19	3	9
T[T>G]A	1	0	3	1	5	3	4	1	4	1	1	0	2	3	2	4
T[T>G]C	0	0	0	0	11	3	3	0	1	5	2	1	2	5	3	0
T[T>G]G	1	4	1	0	6	3	2	3	6	3	6	0	4	10	8	7
T[T>G]T	1	0	0	2	13	7	9	6	9	2	10	3	7	14	4	8
