Mutation Types	BRCA-EU_SP117247	BRCA-EU_SP117362	BRCA-EU_SP117470	BRCA-EU_SP117586	BRCA-EU_SP117709	BRCA-EU_SP124191	BRCA-UK_SP2157	BRCA-US_SP12856	BRCA-US_SP2781	BRCA-US_SP3368	BRCA-US_SP5666	BRCA-US_SP7456	BRCA-US_SP8532
A[C>A]A	43	48	189	32	44	33	27	58	47	63	46	64	63
A[C>A]C	40	37	191	22	20	29	23	43	43	58	39	33	39
A[C>A]G	6	6	14	5	3	7	5	7	9	13	5	5	12
A[C>A]T	27	20	145	12	17	18	15	28	32	50	30	41	43
A[C>G]A	15	15	108	1	9	17	8	88	17	27	27	10	68
A[C>G]C	13	10	84	2	11	11	4	40	20	12	10	7	27
A[C>G]G	4	3	22	4	1	6	3	7	1	15	1	3	20
A[C>G]T	17	7	108	10	8	13	10	100	24	20	17	6	62
A[C>T]A	59	31	151	35	35	55	21	216	51	70	60	68	106
A[C>T]C	31	40	80	11	20	17	24	94	43	40	41	36	27
A[C>T]G	165	129	190	79	93	111	90	164	240	149	167	142	111
A[C>T]T	46	23	166	12	28	41	16	86	39	41	40	34	61
A[T>A]A	37	20	95	20	15	12	11	31	34	16	25	27	22
A[T>A]C	33	13	95	17	12	24	13	34	26	26	25	29	29
A[T>A]G	28	12	80	14	12	24	9	19	36	24	25	16	37
A[T>A]T	47	20	142	11	20	27	11	34	38	37	45	29	29
A[T>C]A	70	39	177	25	57	53	64	51	54	60	83	66	65
A[T>C]C	35	9	72	15	29	16	13	33	23	27	17	10	32
A[T>C]G	40	13	93	22	31	40	13	29	46	31	33	37	43
A[T>C]T	63	35	182	30	63	43	25	54	78	56	60	54	67
A[T>G]A	21	8	55	4	2	19	8	13	20	14	4	6	13
A[T>G]C	11	4	29	2	3	2	3	8	5	6	3	6	8
A[T>G]G	9	3	81	8	5	8	2	13	5	4	5	4	13
A[T>G]T	18	7	52	10	11	16	6	10	12	17	13	10	16
C[C>A]A	28	25	190	26	19	28	16	71	18	41	34	45	68
C[C>A]C	13	14	221	12	18	16	13	40	23	37	26	18	42
C[C>A]G	2	2	21	4	3	3	3	10	4	11	7	7	9
C[C>A]T	18	25	240	15	19	18	14	42	24	41	39	38	46
C[C>G]A	14	4	110	7	4	7	5	104	13	18	23	7	68
C[C>G]C	14	4	105	5	10	13	2	28	12	14	19	10	29
C[C>G]G	4	3	17	6	3	5	4	10	3	24	6	6	10
C[C>G]T	17	7	134	4	3	14	15	116	16	21	19	4	77
C[C>T]A	65	51	119	24	30	36	39	430	48	48	74	42	158
C[C>T]C	53	56	271	25	37	37	30	110	48	36	60	41	59
C[C>T]G	94	84	120	50	72	57	56	182	156	111	108	95	101
C[C>T]T	56	49	256	38	32	51	33	231	51	47	68	36	89
C[T>A]A	11	3	75	3	5	8	5	15	12	14	13	8	18
C[T>A]C	21	7	91	15	2	13	15	25	15	25	19	17	18
C[T>A]G	8	8	126	7	9	13	7	21	14	13	8	5	28
C[T>A]T	21	15	168	4	5	9	13	18	12	33	13	8	42
C[T>C]A	24	23	105	14	13	15	13	14	20	22	22	12	21
C[T>C]C	30	19	133	10	22	23	11	39	16	15	17	14	29
C[T>C]G	28	8	85	11	14	26	8	20	21	17	20	27	25
C[T>C]T	25	17	143	8	14	18	13	20	20	29	16	21	25
C[T>G]A	4	3	38	3	4	8	4	3	15	11	7	1	7
C[T>G]C	7	8	37	6	4	8	4	16	5	5	7	8	16
C[T>G]G	7	7	84	5	7	12	4	10	5	12	9	5	21
C[T>G]T	16	10	68	9	4	15	4	11	11	25	17	18	17
G[C>A]A	40	48	103	24	24	33	26	42	42	62	55	76	45
G[C>A]C	24	20	123	13	16	17	14	28	20	39	24	36	31
G[C>A]G	5	4	20	5	8	8	9	14	5	6	6	18	7
G[C>A]T	31	29	102	14	14	16	7	30	17	40	40	48	30
G[C>G]A	7	4	77	4	3	3	9	29	8	17	9	2	27
G[C>G]C	11	14	66	7	9	12	5	12	8	17	11	7	21
G[C>G]G	3	4	13	2	1	0	2	7	2	6	2	0	6
G[C>G]T	10	11	83	4	4	7	9	69	10	15	19	3	56
G[C>T]A	40	46	92	24	28	31	35	195	43	69	59	47	84
G[C>T]C	50	54	114	19	32	46	27	91	43	51	43	45	42
G[C>T]G	121	129	143	51	70	67	74	160	203	118	145	100	118
G[C>T]T	38	35	106	23	32	27	14	109	42	41	43	32	62
G[T>A]A	5	7	69	7	5	7	8	7	9	10	9	7	10
G[T>A]C	16	8	58	9	10	10	5	9	18	8	20	14	15
G[T>A]G	15	14	56	5	4	10	5	9	14	18	10	9	22
G[T>A]T	16	8	100	8	8	10	13	9	14	17	6	7	19
G[T>C]A	34	19	93	14	18	26	17	29	31	24	31	24	39
G[T>C]C	35	15	65	13	11	9	17	24	21	24	24	11	23
G[T>C]G	25	13	59	7	11	16	11	24	21	17	17	18	16
G[T>C]T	38	22	89	11	25	36	16	23	38	27	37	34	36
G[T>G]A	6	6	41	2	1	5	0	5	6	5	4	2	6
G[T>G]C	8	3	19	3	0	2	3	5	3	9	9	5	6
G[T>G]G	17	17	55	24	10	13	2	16	4	6	14	3	17
G[T>G]T	8	6	58	7	3	3	4	13	9	12	6	12	13
T[C>A]A	46	57	138	24	27	25	34	1481	56	49	147	58	563
T[C>A]C	29	34	151	18	27	27	26	531	29	60	66	48	209
T[C>A]G	10	9	20	3	8	5	5	87	5	11	18	4	49
T[C>A]T	53	68	194	30	35	39	26	769	63	86	128	130	325
T[C>G]A	34	26	224	17	16	17	69	5559	35	26	475	16	3031
T[C>G]C	25	17	158	9	16	19	23	1088	26	23	114	15	642
T[C>G]G	4	2	14	3	1	6	3	208	6	13	28	1	158
T[C>G]T	73	33	385	27	32	37	79	7564	53	49	549	36	3285
T[C>T]A	82	164	271	90	99	65	107	12406	221	59	626	69	2844
T[C>T]C	73	110	217	41	41	61	53	2338	86	38	166	62	555
T[C>T]G	68	69	91	42	53	47	48	1311	135	62	133	89	352
T[C>T]T	72	138	295	57	81	62	64	6675	159	63	285	86	1221
T[T>A]A	38	21	112	14	18	14	12	29	46	36	35	38	38
T[T>A]C	13	10	65	6	5	20	10	22	13	17	6	14	21
T[T>A]G	10	9	59	3	3	7	5	12	11	13	8	14	13
T[T>A]T	25	19	154	9	13	16	11	22	19	54	27	24	41
T[T>C]A	46	19	96	12	25	30	17	27	52	26	32	32	35
T[T>C]C	31	23	85	12	16	25	16	18	30	20	25	16	27
T[T>C]G	25	12	53	7	13	17	6	19	13	13	21	18	17
T[T>C]T	37	31	107	17	18	32	30	29	46	37	39	29	42
T[T>G]A	14	9	59	6	4	6	4	13	8	16	11	10	13
T[T>G]C	13	5	39	5	4	8	5	7	8	15	4	14	16
T[T>G]G	10	12	80	5	3	12	9	17	8	18	5	9	22
T[T>G]T	31	22	119	17	12	22	33	22	27	37	31	27	38
