Mutation Types	LGG-US_SP47628	LGG-US_SP47652	LGG-US_SP47708	LGG-US_SP47808	LGG-US_SP47990	LGG-US_SP48008	LGG-US_SP48010	LGG-US_SP48073	LGG-US_SP48135	LGG-US_SP48189	LGG-US_SP48263	LGG-US_SP48414	LGG-US_SP48426	LGG-US_SP48480	LGG-US_SP48504	LGG-US_SP48534	LGG-US_SP48850	LGG-US_SP48888
A[C>A]A	14	29	27	27	40	37	28	28	100	38	18	34	8	48	24	33	160	17
A[C>A]C	9	19	31	36	41	33	22	23	85	38	16	25	6	46	25	22	115	12
A[C>A]G	0	2	1	3	6	2	5	0	11	6	2	1	0	13	4	2	21	3
A[C>A]T	13	27	30	25	27	23	25	21	84	35	12	29	4	31	15	23	160	12
A[C>G]A	11	10	19	18	19	20	18	10	61	24	5	24	5	25	14	11	63	11
A[C>G]C	5	11	10	13	14	12	23	7	23	9	9	23	1	22	4	12	26	7
A[C>G]G	1	1	3	1	2	2	1	2	6	2	0	1	1	3	3	1	4	2
A[C>G]T	13	14	15	22	29	14	18	18	48	27	7	18	0	20	14	18	68	12
A[C>T]A	20	41	55	72	58	74	52	39	127	47	21	61	8	94	40	72	152	27
A[C>T]C	8	14	31	28	40	50	14	29	53	28	25	22	5	64	31	39	54	24
A[C>T]G	70	178	229	272	193	209	122	206	761	197	140	198	50	309	176	227	225	124
A[C>T]T	10	30	32	42	48	62	21	33	73	28	29	21	8	102	23	49	115	34
A[T>A]A	7	22	22	20	34	46	21	21	46	26	15	17	2	49	19	20	76	14
A[T>A]C	6	11	18	12	21	18	14	15	34	19	12	19	4	23	7	13	47	6
A[T>A]G	6	14	11	17	21	24	4	9	34	14	6	11	2	25	11	10	55	11
A[T>A]T	14	18	26	18	24	29	20	19	50	26	13	12	4	29	20	16	95	18
A[T>C]A	36	50	93	72	148	108	59	79	109	105	44	56	17	149	80	102	159	42
A[T>C]C	15	18	28	28	37	37	34	28	36	45	23	26	2	40	30	33	92	18
A[T>C]G	25	31	59	53	89	67	49	45	70	62	31	50	8	87	49	67	126	32
A[T>C]T	37	53	76	80	131	90	99	74	128	119	57	69	14	108	61	90	152	58
A[T>G]A	4	7	14	10	7	9	9	11	24	15	7	7	0	26	9	15	25	5
A[T>G]C	6	11	8	10	11	12	11	6	5	10	4	8	0	12	2	5	11	7
A[T>G]G	8	5	7	10	14	14	5	7	25	4	5	10	3	15	8	11	34	4
A[T>G]T	6	7	16	7	17	16	17	13	21	18	10	8	0	11	10	13	22	6
C[C>A]A	10	17	25	19	19	26	14	15	61	22	11	20	7	39	17	32	108	13
C[C>A]C	6	12	17	13	18	13	15	12	46	11	8	15	2	17	12	21	76	5
C[C>A]G	1	2	5	3	4	2	3	0	10	6	1	1	1	3	3	3	13	3
C[C>A]T	4	8	13	23	32	8	15	9	65	24	9	26	3	31	14	12	109	14
C[C>G]A	2	5	8	10	7	7	10	4	13	15	4	7	0	7	5	6	24	6
C[C>G]C	4	6	6	9	13	5	11	2	22	12	5	7	1	12	4	6	27	6
C[C>G]G	0	0	2	1	2	4	2	3	3	3	0	2	0	0	1	1	3	2
C[C>G]T	3	7	11	11	32	10	16	11	21	19	3	12	0	19	9	6	35	4
C[C>T]A	11	32	54	64	53	76	25	35	65	37	40	29	3	114	43	69	85	32
C[C>T]C	16	44	67	96	61	86	33	56	62	38	52	61	7	158	67	109	96	81
C[C>T]G	40	97	101	101	79	91	60	93	283	98	81	102	22	135	94	105	115	67
C[C>T]T	18	42	79	79	56	101	39	57	91	33	30	53	6	171	77	98	128	61
C[T>A]A	3	6	13	12	10	14	6	7	29	17	3	7	0	17	7	7	51	5
C[T>A]C	4	6	11	5	15	13	8	12	45	16	8	4	1	18	10	5	71	3
C[T>A]G	6	8	8	5	16	8	10	4	41	11	10	8	1	19	9	11	44	9
C[T>A]T	7	12	6	15	16	14	12	16	70	21	6	14	4	19	12	12	85	10
C[T>C]A	14	19	19	23	36	29	19	21	28	39	10	22	3	24	15	27	43	14
C[T>C]C	25	29	28	17	52	29	34	32	49	38	17	51	6	33	24	29	105	21
C[T>C]G	12	19	24	29	37	29	21	28	29	27	14	40	2	50	21	27	70	11
C[T>C]T	18	19	23	28	47	35	30	20	38	40	15	36	4	30	31	34	80	24
C[T>G]A	0	6	8	9	2	3	8	2	3	7	3	2	0	8	5	5	14	0
C[T>G]C	4	1	12	4	12	10	9	8	13	6	2	7	1	12	7	6	14	1
C[T>G]G	1	5	11	6	13	10	5	6	13	9	5	7	0	11	6	7	19	4
C[T>G]T	4	9	12	10	12	11	9	8	15	13	7	7	1	10	8	7	21	6
G[C>A]A	11	14	16	23	21	11	13	14	36	22	11	22	4	23	10	14	56	10
G[C>A]C	6	13	9	18	16	13	14	8	26	14	3	16	1	20	7	10	44	10
G[C>A]G	4	1	1	1	5	1	2	2	7	3	1	1	0	1	3	3	7	1
G[C>A]T	9	7	15	14	22	18	11	7	39	20	4	15	1	23	10	18	62	10
G[C>G]A	5	7	7	7	8	5	4	6	9	10	3	3	0	12	5	9	13	3
G[C>G]C	4	9	8	8	11	4	12	6	6	22	4	9	1	13	10	5	29	7
G[C>G]G	3	0	2	1	3	2	2	1	4	6	2	2	1	4	2	1	6	0
G[C>G]T	7	4	8	1	10	12	4	9	16	11	4	15	1	12	6	2	11	5
G[C>T]A	11	21	54	51	46	47	22	42	57	30	31	32	5	83	35	54	55	27
G[C>T]C	21	51	64	75	57	67	49	45	66	57	55	67	6	94	66	110	94	58
G[C>T]G	58	122	128	157	127	115	108	165	440	145	81	115	22	202	142	126	147	65
G[C>T]T	18	30	63	63	69	63	31	44	71	56	39	28	12	95	61	85	102	50
G[T>A]A	6	9	6	8	12	9	2	9	15	5	3	8	4	10	4	10	48	3
G[T>A]C	2	5	4	6	8	8	11	4	13	12	3	2	2	10	3	12	29	6
G[T>A]G	5	5	9	7	10	10	7	10	21	6	4	13	2	16	13	8	34	7
G[T>A]T	1	6	8	4	18	13	8	7	42	10	7	11	0	8	5	10	81	7
G[T>C]A	23	29	39	28	50	43	40	33	41	40	28	38	7	49	39	43	74	22
G[T>C]C	45	21	21	33	48	29	42	31	34	66	21	29	6	29	17	23	79	18
G[T>C]G	13	13	29	16	47	27	20	28	20	29	14	19	7	35	24	27	53	23
G[T>C]T	31	28	38	38	60	55	48	40	51	59	24	39	3	49	23	41	97	30
G[T>G]A	2	4	3	5	4	5	5	4	9	8	3	3	3	1	3	4	12	2
G[T>G]C	2	3	2	4	8	3	7	1	10	2	1	3	2	8	6	3	12	5
G[T>G]G	13	4	6	10	12	17	5	7	22	12	1	15	3	11	11	11	33	5
G[T>G]T	6	7	8	6	11	5	4	3	12	15	4	5	1	15	9	9	13	4
T[C>A]A	8	18	19	17	22	17	18	7	47	22	8	17	10	22	9	13	60	13
T[C>A]C	3	15	16	17	21	22	11	11	55	11	7	15	5	19	18	19	52	9
T[C>A]G	1	1	3	4	7	2	3	0	5	3	2	3	0	2	1	4	2	3
T[C>A]T	11	17	26	24	30	26	28	19	57	28	11	21	4	37	27	26	105	17
T[C>G]A	10	13	6	13	34	10	24	7	23	12	7	14	1	15	3	13	42	8
T[C>G]C	9	7	10	13	29	9	21	12	28	19	4	18	1	22	12	9	36	7
T[C>G]G	2	0	0	3	3	2	1	1	0	7	0	1	0	1	2	1	7	2
T[C>G]T	13	30	26	25	69	28	62	23	69	45	16	45	6	37	25	35	91	11
T[C>T]A	10	23	35	45	58	51	40	36	61	31	20	26	6	97	29	47	75	26
T[C>T]C	20	29	52	47	53	84	34	39	75	31	24	37	6	132	32	54	83	37
T[C>T]G	34	51	61	80	62	79	52	82	253	57	60	68	18	113	72	84	79	47
T[C>T]T	19	46	55	54	59	81	42	35	93	43	22	30	8	166	30	58	105	40
T[T>A]A	6	10	15	18	14	20	19	11	53	14	9	22	4	28	15	22	64	6
T[T>A]C	3	8	8	13	14	11	8	7	44	13	6	9	1	9	9	7	37	7
T[T>A]G	5	5	3	8	7	9	4	5	25	9	6	5	3	13	6	9	39	2
T[T>A]T	13	19	18	18	32	27	18	9	81	20	13	25	6	35	19	23	120	12
T[T>C]A	16	30	40	38	56	51	34	33	35	48	21	29	7	53	23	40	87	25
T[T>C]C	32	25	32	37	64	46	42	34	37	57	18	38	8	43	29	30	125	30
T[T>C]G	16	20	39	30	48	35	25	25	33	42	27	30	4	46	21	33	72	13
T[T>C]T	29	42	62	47	86	55	47	39	81	68	29	49	8	79	35	66	123	31
T[T>G]A	8	6	8	8	22	12	9	10	15	17	5	12	2	13	15	9	27	5
T[T>G]C	5	7	9	6	10	9	9	7	11	9	7	4	1	3	9	4	19	1
T[T>G]G	2	4	7	6	14	9	7	4	19	11	7	10	0	15	4	6	29	4
T[T>G]T	12	18	16	15	41	14	29	26	50	29	8	18	1	24	20	25	50	19
