Mutation Types	PBCA-DE_SP79172	PBCA-DE_SP79175	PBCA-DE_SP79178	PBCA-DE_SP79181	PBCA-DE_SP79184	PBCA-DE_SP79187	PBCA-DE_SP79190	PBCA-DE_SP79192	PBCA-DE_SP79195	PBCA-DE_SP79198	PBCA-DE_SP79201	PBCA-DE_SP79204	PBCA-DE_SP79207	PBCA-DE_SP79210	PBCA-DE_SP79219	PBCA-DE_SP79222	PBCA-DE_SP79225	PBCA-DE_SP79228	PBCA-DE_SP79231	PBCA-DE_SP79234	PBCA-DE_SP79237	PBCA-DE_SP79240	PBCA-DE_SP79243	PBCA-DE_SP79246	PBCA-DE_SP79249	PBCA-DE_SP79252	PBCA-DE_SP79255	PBCA-DE_SP79258	PBCA-DE_SP79261	PBCA-DE_SP79264	PBCA-DE_SP79267	PBCA-DE_SP79270	PBCA-DE_SP79279	PBCA-DE_SP79282	PBCA-DE_SP79285	PBCA-DE_SP79288	PBCA-DE_SP79291	PBCA-DE_SP79294	PBCA-DE_SP79297	PBCA-DE_SP79300	PBCA-DE_SP79303	PBCA-DE_SP79306	PBCA-DE_SP79309	PBCA-DE_SP79312	PBCA-DE_SP79315	PBCA-DE_SP79318	PBCA-DE_SP79321	PBCA-DE_SP79324	PBCA-DE_SP79327	PBCA-DE_SP79330	PBCA-DE_SP79333	PBCA-DE_SP79336	PBCA-DE_SP79339	PBCA-DE_SP79342	PBCA-DE_SP79345	PBCA-DE_SP79351	PBCA-DE_SP79354	PBCA-DE_SP79357	PBCA-DE_SP79359	PBCA-DE_SP79365	PBCA-DE_SP79368	PBCA-DE_SP79371	PBCA-DE_SP79374	PBCA-DE_SP79377	PBCA-DE_SP79380	PBCA-DE_SP79383	PBCA-DE_SP79387	PBCA-DE_SP79391	PBCA-DE_SP79395	PBCA-DE_SP79399	PBCA-DE_SP79403	PBCA-DE_SP79407	PBCA-DE_SP79411	PBCA-DE_SP79415	PBCA-DE_SP79419	PBCA-DE_SP79423	PBCA-DE_SP79427	PBCA-DE_SP79431	PBCA-DE_SP79435	PBCA-DE_SP79439	PBCA-DE_SP79443	PBCA-DE_SP79447	PBCA-DE_SP79451	PBCA-DE_SP79455	PBCA-DE_SP79458	PBCA-DE_SP79462	PBCA-DE_SP79466	PBCA-DE_SP79470	PBCA-DE_SP79474
A[C>A]A	1	3	2	1	1	9	5	2	1	12	7	6	2	0	4	11	3	2	4	2	5	2	1	6	2	6	2	5	7	5	8	6	2	14	2	2	4	12	14	4	3	2	7	4	4	4	1	4	1	4	21	19	3	5	3	5	2	4	0	1	3	4	2	1	10	12	2	12	10	5	1	8	2	5	6	9	5	2	2	1	0	2	1	3	2	1	1	4	7
A[C>A]C	1	3	0	0	3	9	7	2	1	5	4	0	0	0	4	10	2	0	8	6	1	2	1	10	2	2	0	1	0	1	5	0	4	8	8	0	5	7	9	1	1	5	3	4	1	3	3	1	3	4	18	26	0	2	1	0	0	1	0	2	2	3	2	5	9	5	1	7	5	0	1	3	0	7	1	3	2	2	4	0	0	2	1	1	2	0	0	3	3
A[C>A]G	1	1	0	1	0	0	0	0	0	2	1	2	0	0	0	2	0	1	1	2	2	0	0	1	1	0	1	0	0	0	2	0	0	1	2	0	0	1	2	1	0	0	1	0	0	0	0	0	1	1	4	1	0	0	0	0	0	0	1	0	0	0	0	1	1	2	0	0	0	1	0	1	0	1	0	0	0	1	3	0	0	0	0	0	1	1	0	0	1
A[C>A]T	1	2	0	3	2	3	5	2	4	9	2	3	1	3	3	13	3	1	3	5	7	3	1	8	1	2	3	4	2	1	11	1	3	8	6	1	3	7	13	1	1	4	6	3	1	3	3	1	0	2	15	13	3	5	3	3	4	3	1	2	2	4	4	3	11	1	0	6	3	1	0	5	2	5	4	5	4	3	6	1	0	0	0	5	3	1	0	6	6
A[C>G]A	0	2	1	0	1	5	1	2	0	3	5	2	1	1	0	7	1	0	4	0	1	1	2	3	5	2	3	2	1	0	3	0	2	9	4	0	1	5	4	0	1	1	3	3	0	1	1	0	1	0	6	3	0	2	1	1	2	0	0	0	0	2	0	1	2	6	0	3	2	2	0	4	1	2	4	5	1	0	0	3	3	1	0	3	1	1	1	0	2
A[C>G]C	0	0	1	0	2	1	4	0	0	1	0	0	0	1	1	6	0	0	2	1	1	1	1	2	0	0	0	1	1	0	1	0	0	3	4	0	0	2	4	0	3	0	0	0	0	0	0	0	0	2	2	2	0	0	1	0	1	0	0	0	1	1	1	0	2	3	0	4	4	0	0	3	1	1	1	1	1	0	0	0	0	1	0	0	2	1	0	0	2
A[C>G]G	1	0	1	1	0	3	0	0	0	1	0	0	1	0	0	1	0	0	1	0	0	0	0	2	0	0	1	1	1	1	1	1	2	0	2	0	0	2	4	0	0	1	0	1	0	0	1	0	0	0	4	1	0	0	0	0	0	0	0	0	0	0	0	0	1	0	2	1	3	1	1	0	1	0	0	1	1	1	1	0	0	0	0	0	0	0	0	1	3
A[C>G]T	0	0	1	0	0	3	2	0	0	1	2	3	1	1	0	3	0	0	2	3	0	1	2	1	2	0	0	0	0	0	2	4	1	6	2	0	1	4	3	0	1	1	1	0	0	3	4	0	1	1	11	10	1	3	1	2	1	0	1	0	1	0	1	2	0	3	2	6	6	1	0	1	0	2	3	2	1	0	0	0	1	1	0	1	1	0	0	1	3
A[C>T]A	3	5	3	2	1	7	9	6	1	18	5	11	5	2	9	20	2	5	10	5	6	5	1	9	11	4	1	6	4	3	8	4	2	32	12	2	1	17	15	7	5	5	9	8	2	5	7	4	1	6	22	24	7	3	4	4	3	3	3	2	5	7	4	4	17	6	5	11	4	5	4	7	2	7	11	8	4	3	11	4	2	3	5	7	5	4	0	4	10
A[C>T]C	1	1	1	3	0	8	8	4	0	6	5	11	4	3	5	8	1	0	5	5	3	2	0	1	3	6	1	6	2	0	4	1	2	25	4	2	0	3	16	0	1	2	5	7	1	3	1	0	1	3	9	15	0	3	2	0	0	2	1	3	1	5	5	3	3	9	0	4	6	0	1	4	3	2	2	9	3	2	4	1	1	0	0	6	1	2	1	3	0
A[C>T]G	14	15	11	15	10	46	30	3	16	26	15	19	12	14	24	52	11	5	29	23	25	25	4	16	21	20	15	18	13	20	25	4	10	60	43	15	11	38	58	16	26	19	16	26	16	18	7	15	2	19	56	53	6	16	16	8	14	14	6	6	11	9	22	32	49	38	19	49	39	7	5	28	14	26	37	43	21	17	18	10	12	9	15	18	13	6	2	25	21
A[C>T]T	3	1	2	2	0	12	4	1	2	4	4	16	3	3	0	18	0	2	2	8	7	5	2	4	3	2	1	4	6	3	9	4	5	33	3	2	0	4	13	0	1	5	4	5	3	5	5	4	1	2	15	19	0	1	1	2	1	5	0	0	3	4	7	2	7	6	0	3	4	3	0	3	5	5	5	5	2	2	4	3	0	3	0	6	3	2	1	4	8
A[T>A]A	2	0	1	2	0	9	5	1	1	7	1	1	0	1	0	9	0	2	7	5	5	3	0	2	3	0	1	2	1	0	3	1	2	2	2	1	9	6	9	1	0	2	1	4	0	2	6	1	2	0	20	6	0	3	1	1	0	2	0	0	1	4	4	2	4	4	2	1	7	1	1	3	0	4	2	2	1	5	1	0	0	1	4	4	1	0	0	2	4
A[T>A]C	0	1	1	0	0	1	1	0	0	3	3	1	2	0	0	4	1	0	3	2	2	0	1	2	1	0	0	1	1	0	1	1	3	5	1	0	1	2	3	1	1	0	4	2	0	0	0	1	0	2	9	8	1	0	0	1	0	2	2	1	0	2	0	0	4	5	0	3	2	0	0	6	1	2	0	2	2	2	0	0	0	0	0	1	2	0	0	0	3
A[T>A]G	0	3	0	1	1	7	4	0	0	6	2	2	1	1	1	7	0	1	7	0	3	3	0	2	0	1	1	1	2	0	4	0	3	6	6	0	0	10	4	0	4	4	4	2	0	1	0	0	0	1	9	5	0	3	1	1	3	1	0	0	0	3	0	1	1	5	1	4	3	0	0	2	1	3	4	3	0	1	3	1	0	1	0	1	2	0	1	0	3
A[T>A]T	1	1	1	0	0	11	2	0	0	4	2	3	3	1	2	9	0	3	5	1	4	2	0	7	1	1	0	2	5	0	5	2	5	3	6	2	3	6	6	1	1	5	3	2	2	4	7	2	0	3	12	9	1	2	1	0	0	2	0	0	0	3	2	2	6	7	3	5	6	0	1	3	0	2	6	5	1	1	5	1	1	0	0	1	1	0	1	3	3
A[T>C]A	1	4	4	1	3	8	12	1	1	12	12	7	3	1	6	22	3	1	9	7	4	7	1	6	5	0	6	5	2	4	15	2	4	19	8	0	3	12	18	4	3	9	17	4	3	2	4	1	0	3	48	26	0	3	2	2	6	4	1	6	1	3	4	4	12	14	4	7	11	1	3	12	1	15	10	8	2	5	10	2	1	1	4	0	2	2	1	5	6
A[T>C]C	1	3	0	1	3	1	0	0	1	7	2	2	1	1	1	7	1	0	7	1	2	2	1	2	3	1	2	2	3	0	2	0	3	6	0	0	2	3	3	2	3	3	3	4	2	2	4	4	1	2	13	5	0	2	1	1	1	0	1	0	0	3	1	2	11	2	0	6	6	0	0	3	2	0	3	3	0	0	3	1	1	0	0	6	0	1	0	1	3
A[T>C]G	0	3	1	0	1	8	6	0	2	5	2	2	1	0	3	13	0	0	10	3	0	3	0	3	2	3	1	0	2	0	3	0	1	12	3	0	3	6	10	0	4	3	6	5	1	2	2	0	0	1	22	15	0	0	2	2	3	0	0	1	1	0	1	4	7	8	4	4	13	2	2	10	0	7	2	6	2	1	8	1	2	2	1	1	4	2	2	3	3
A[T>C]T	3	6	0	1	3	13	9	2	4	17	7	4	1	5	2	16	2	3	12	1	5	7	2	7	5	1	1	2	0	4	3	3	1	20	7	4	1	5	16	1	3	7	6	7	2	4	5	2	0	3	34	13	1	3	2	1	2	3	1	4	1	5	7	5	14	13	3	4	9	1	0	5	2	10	14	12	4	2	9	2	0	1	2	9	2	2	0	4	9
A[T>G]A	0	1	0	0	0	0	3	0	0	2	2	2	1	0	0	3	2	2	1	2	1	0	0	0	1	1	2	0	0	0	1	1	0	1	2	1	1	1	2	0	1	2	0	1	0	1	0	0	0	0	8	3	0	1	0	0	0	0	0	1	0	2	2	1	4	5	1	3	1	0	1	1	0	2	0	2	2	0	0	2	0	0	2	0	1	0	0	0	2
A[T>G]C	0	0	0	0	0	1	1	0	1	2	1	2	0	0	1	1	0	0	1	0	0	0	0	0	1	0	1	0	0	0	1	0	0	0	0	0	2	1	3	0	1	1	0	0	0	0	0	1	1	0	2	2	0	0	0	0	0	1	0	0	0	1	0	0	1	0	0	0	0	0	0	0	0	0	1	0	0	0	0	0	0	1	0	0	0	0	0	0	1
A[T>G]G	0	0	0	1	0	5	2	0	0	1	2	1	2	0	0	4	1	0	0	1	1	3	0	1	1	0	0	1	3	1	1	3	1	4	1	0	0	1	1	1	1	2	1	1	0	0	0	0	0	0	7	2	1	0	0	0	1	0	1	1	0	0	3	0	1	3	1	2	1	0	0	1	1	2	0	2	0	1	2	0	1	0	0	0	0	1	0	0	3
A[T>G]T	0	0	2	1	0	4	2	0	0	3	2	1	1	0	1	4	1	0	4	1	4	1	0	0	2	0	0	1	0	0	0	1	1	1	0	1	0	2	5	0	0	1	0	1	0	0	1	1	0	4	2	1	0	1	0	1	0	0	0	0	0	2	0	1	2	3	2	3	2	0	2	1	1	2	0	0	1	1	3	0	0	1	0	2	0	0	0	1	4
C[C>A]A	0	3	1	2	2	4	1	1	3	11	6	3	4	1	3	12	0	4	3	4	4	3	1	8	4	2	1	3	4	3	5	1	4	11	4	1	3	8	12	3	4	2	7	3	0	2	3	3	1	1	7	17	0	0	0	1	0	4	1	4	2	0	0	4	7	11	0	4	9	3	1	6	1	3	1	4	0	2	3	1	0	1	2	1	2	0	0	1	7
C[C>A]C	2	2	3	2	0	3	3	0	1	4	1	2	0	0	0	9	0	0	4	1	1	2	3	2	4	5	1	3	4	1	3	2	3	14	4	1	4	5	8	4	0	0	2	3	1	1	0	0	0	2	8	8	1	6	1	1	4	1	1	3	1	1	0	1	7	7	1	1	4	3	5	2	1	5	2	3	2	2	1	0	0	3	2	1	3	0	0	3	2
C[C>A]G	0	0	2	1	1	1	1	0	0	2	1	0	0	0	1	1	0	0	1	1	1	0	0	0	1	0	1	0	0	2	0	2	0	4	2	0	0	0	1	1	0	1	2	2	0	1	0	0	1	0	1	3	1	1	1	0	0	0	0	2	1	0	1	0	0	2	1	0	3	0	2	3	1	0	1	1	1	1	1	0	0	0	0	1	1	0	0	0	1
C[C>A]T	1	2	1	2	1	3	7	2	4	4	4	2	2	1	3	5	0	1	2	4	3	2	0	5	2	2	1	0	3	1	7	1	0	9	5	0	2	5	6	1	3	3	5	4	2	3	2	0	0	3	14	15	1	4	3	0	1	0	1	0	0	3	2	0	6	8	0	7	3	1	1	4	2	5	1	3	3	2	3	1	1	1	2	3	3	2	0	5	8
C[C>G]A	2	0	0	0	0	4	1	0	0	2	1	0	1	0	0	3	0	0	2	0	1	2	1	0	0	1	0	0	0	1	2	1	0	0	2	0	0	3	2	1	3	0	0	1	0	1	0	0	0	0	3	2	0	0	1	0	0	1	0	0	0	0	0	1	0	1	0	4	2	1	2	0	0	1	0	1	0	0	0	0	0	0	0	0	1	0	0	0	0
C[C>G]C	2	1	1	0	0	0	0	0	0	1	1	0	0	0	1	1	0	0	0	1	0	0	0	0	0	1	0	0	0	0	2	1	0	5	1	1	0	1	1	0	1	0	0	2	0	1	1	0	1	0	2	4	0	1	0	0	3	0	0	0	0	1	1	0	0	1	0	0	4	1	0	5	0	3	0	0	0	0	0	0	0	0	0	1	0	0	0	0	2
C[C>G]G	1	0	0	0	0	0	0	0	0	0	0	1	0	2	0	2	0	0	1	0	1	1	0	0	0	0	0	0	0	0	0	1	0	1	3	0	1	1	1	0	0	4	1	0	0	0	1	1	0	0	1	0	0	0	0	0	1	1	0	0	1	0	0	1	0	0	0	0	1	0	0	0	0	1	1	0	1	1	1	0	0	1	0	1	1	0	0	1	0
C[C>G]T	1	1	0	0	0	0	1	0	1	1	1	1	0	0	1	1	1	0	1	1	2	1	1	2	0	0	0	2	1	0	1	0	0	0	0	1	0	0	2	0	3	3	0	2	1	2	1	0	0	0	4	6	1	0	1	0	1	1	0	1	1	2	1	1	3	3	0	5	4	1	0	2	0	1	4	1	0	0	2	0	1	1	0	1	0	0	0	0	0
C[C>T]A	3	0	1	1	2	10	7	2	3	6	5	32	1	0	5	9	2	4	5	4	2	3	1	6	7	3	0	5	1	2	11	3	4	67	5	2	2	9	20	0	3	8	6	2	3	6	3	0	1	3	6	47	2	3	0	1	0	1	0	0	2	4	2	3	10	13	0	11	13	1	2	4	2	6	8	7	2	1	5	0	2	1	1	3	0	0	2	3	8
C[C>T]C	0	1	0	1	2	7	4	3	1	8	6	38	3	0	4	17	2	2	5	4	2	3	1	2	7	3	0	12	2	0	10	1	2	96	8	0	1	4	25	1	3	4	4	6	1	4	3	1	0	1	9	68	0	1	0	2	2	2	2	0	3	3	2	3	10	11	4	10	7	1	1	4	0	4	7	6	1	4	2	1	1	3	2	5	3	2	0	2	2
C[C>T]G	3	7	5	9	2	25	19	7	8	19	14	12	8	6	11	31	3	8	19	12	15	9	8	20	10	11	5	13	6	10	10	7	3	42	25	14	6	26	26	10	11	4	5	17	9	13	10	5	3	9	29	28	5	10	11	7	8	5	1	4	5	10	11	13	25	22	9	18	18	6	2	14	5	13	18	18	8	16	11	4	5	7	10	6	11	4	4	10	14
C[C>T]T	2	1	1	4	1	12	10	1	1	16	2	61	2	2	3	24	1	2	9	5	9	5	2	5	12	2	2	4	6	2	9	5	1	132	5	4	4	7	30	0	7	1	8	3	1	5	1	0	0	3	19	90	2	4	1	1	3	3	0	2	1	5	5	4	14	13	1	8	6	2	1	8	4	5	4	11	2	0	6	4	0	0	1	8	2	1	0	3	8
C[T>A]A	0	2	0	0	0	1	1	0	0	3	1	1	1	0	1	3	0	0	2	0	0	0	0	0	1	2	0	1	3	0	1	2	1	3	1	1	0	3	4	1	0	0	1	3	1	1	3	0	1	3	5	2	0	0	1	0	1	1	0	0	0	1	0	1	4	1	0	0	5	0	0	2	1	2	2	0	1	0	1	0	0	0	1	0	1	0	0	4	2
C[T>A]C	0	0	1	1	0	3	2	1	0	3	2	1	1	0	0	4	2	1	4	3	2	1	0	5	0	0	0	0	1	1	1	0	0	7	1	0	1	4	3	2	2	2	3	0	0	0	1	0	0	0	8	9	1	0	2	0	0	0	1	1	1	0	0	1	1	4	1	1	3	0	0	2	0	2	2	3	1	0	1	0	2	1	0	0	0	0	0	0	4
C[T>A]G	0	0	3	2	0	1	0	0	1	3	5	0	0	0	1	5	0	1	1	3	0	2	0	2	2	2	1	1	3	0	4	1	0	2	2	0	0	2	5	0	0	2	2	1	0	1	3	0	0	1	12	9	0	1	0	0	0	2	0	0	1	0	1	0	3	4	0	1	4	0	1	4	1	3	2	2	0	0	2	0	0	1	0	1	0	0	0	2	1
C[T>A]T	0	2	3	1	1	3	3	0	2	3	1	3	2	0	0	14	1	0	2	0	0	1	0	4	2	3	0	1	1	0	3	1	0	5	1	1	1	2	6	0	1	2	2	2	2	2	2	0	1	3	9	9	1	1	1	0	0	2	0	0	0	2	1	1	8	2	0	3	3	1	0	5	0	7	4	7	1	1	1	0	1	0	1	2	2	1	0	2	1
C[T>C]A	2	0	0	0	0	2	6	1	2	5	2	5	1	0	3	2	1	1	6	0	4	1	1	2	2	1	4	3	2	1	1	1	2	4	1	1	2	2	7	0	4	2	2	5	0	1	1	0	0	3	12	3	2	2	1	1	0	1	1	0	0	1	2	1	4	5	2	4	5	0	0	2	1	3	5	2	1	3	4	1	0	1	0	3	3	0	0	2	7
C[T>C]C	0	2	1	3	2	5	0	1	2	6	0	4	1	0	4	8	2	2	4	2	3	1	0	2	2	1	1	2	0	1	4	2	2	9	1	0	3	7	7	1	1	5	8	2	0	2	3	2	1	2	19	8	1	1	0	2	0	2	0	1	0	2	0	1	2	12	3	3	9	0	0	3	0	6	2	4	0	2	7	2	1	0	1	1	1	3	1	3	1
C[T>C]G	0	1	1	0	1	7	1	0	1	5	0	2	2	0	0	4	1	2	3	3	3	1	0	2	6	2	2	2	1	1	4	1	0	9	1	1	2	1	3	0	3	1	5	4	0	4	0	0	0	1	12	6	0	2	2	0	1	1	0	1	0	1	1	2	4	2	0	2	2	0	0	6	0	5	1	3	0	0	2	0	0	1	1	1	1	2	0	3	6
C[T>C]T	1	4	2	2	1	4	3	0	0	5	5	3	1	1	2	8	0	0	4	2	3	5	3	3	2	4	1	4	2	1	4	1	1	8	6	0	0	9	8	1	2	4	5	3	0	2	2	1	1	5	10	6	0	3	1	1	1	2	0	0	5	8	0	3	2	6	0	5	11	0	2	0	0	7	2	3	3	1	2	0	1	0	1	5	4	1	1	3	5
C[T>G]A	0	0	0	0	0	3	0	0	1	0	1	0	0	0	1	2	1	0	0	0	1	1	0	0	0	0	0	0	1	0	1	1	0	0	0	0	0	2	2	0	1	1	1	0	0	0	0	0	0	0	2	1	0	0	0	0	0	0	1	0	0	0	0	0	0	0	0	2	1	0	0	0	1	1	2	0	0	0	0	0	0	0	0	0	0	0	0	1	1
C[T>G]C	0	1	0	0	0	2	0	0	0	2	3	0	0	2	0	0	0	0	2	0	0	0	0	0	0	0	0	0	0	1	0	0	0	1	0	0	1	1	1	0	0	1	0	2	0	0	0	0	0	1	0	1	0	0	1	0	0	1	0	0	0	1	0	0	1	0	0	2	1	0	0	0	0	0	0	1	1	0	1	1	0	1	0	0	0	1	0	1	3
C[T>G]G	0	0	0	0	1	1	3	0	1	0	0	0	0	0	0	1	1	0	1	1	0	0	0	1	1	0	1	1	0	0	1	1	1	1	0	0	1	3	1	0	0	0	0	1	0	0	2	0	0	0	3	3	0	0	0	0	0	0	0	0	0	0	0	0	0	2	0	1	1	1	1	0	0	0	2	1	0	0	1	0	2	0	0	0	0	0	0	2	1
C[T>G]T	0	2	0	0	0	4	3	0	0	1	0	2	0	0	1	0	0	0	5	3	0	1	0	0	0	0	0	1	0	0	3	0	0	1	2	0	0	1	4	0	1	3	2	2	1	0	0	0	0	2	1	3	1	0	1	0	0	2	0	0	1	1	2	0	2	0	1	2	0	0	0	2	1	2	1	2	0	0	0	0	0	1	0	0	1	0	0	0	0
G[C>A]A	1	1	2	2	0	3	4	2	1	3	1	6	3	3	0	11	1	2	2	0	5	2	0	1	1	2	1	1	0	3	3	4	2	7	3	1	4	1	6	2	2	1	5	3	1	1	0	3	2	2	13	10	0	4	1	3	1	2	1	3	3	1	4	8	4	4	1	2	3	1	0	2	2	2	4	4	1	4	3	2	0	2	0	1	1	0	0	2	7
G[C>A]C	0	1	0	1	3	0	2	0	0	3	3	4	0	0	1	2	0	0	4	0	0	0	2	1	2	0	0	1	1	1	3	0	1	2	3	0	3	4	3	1	1	1	1	1	0	2	0	0	2	2	11	7	0	5	2	0	0	2	1	1	0	3	2	0	3	8	0	3	1	1	0	3	2	2	2	2	2	0	3	0	0	0	0	1	3	1	0	0	1
G[C>A]G	0	0	0	0	0	1	1	0	0	2	0	0	0	1	0	2	0	0	0	1	0	0	0	0	1	0	0	0	0	1	1	0	0	0	0	0	1	1	0	0	0	0	0	2	0	0	0	0	1	0	1	1	0	0	0	2	2	1	0	0	0	0	0	0	1	2	0	0	2	0	0	1	1	1	0	1	0	0	0	0	1	0	1	1	0	1	1	0	1
G[C>A]T	4	1	2	0	0	6	4	0	2	0	3	2	4	0	3	8	2	0	4	1	0	2	0	3	1	0	0	0	3	1	3	1	0	8	3	0	2	5	2	0	0	0	1	2	1	5	1	1	1	2	6	8	1	3	2	1	0	2	1	3	0	0	2	1	4	2	1	4	3	0	2	1	1	4	3	1	2	0	0	0	1	2	0	1	1	1	0	2	2
G[C>G]A	0	1	0	0	0	1	2	0	0	5	3	1	0	0	1	1	0	0	0	0	0	2	0	1	0	1	2	0	0	0	1	2	2	1	0	0	0	1	1	1	0	1	2	1	0	0	0	0	0	0	1	1	0	2	0	0	1	0	0	0	2	0	0	0	0	1	0	1	2	0	1	1	0	3	1	1	0	0	0	0	1	0	0	2	1	0	0	1	2
G[C>G]C	0	1	0	0	0	1	1	0	1	0	1	0	1	0	0	2	0	0	0	1	1	1	0	2	0	2	0	1	0	0	0	0	0	2	0	0	0	0	1	0	1	1	2	1	0	0	1	1	0	1	2	3	0	0	0	0	1	0	0	0	1	0	0	0	1	1	0	1	4	0	1	2	0	3	1	0	0	0	0	0	0	0	1	1	0	1	0	2	1
G[C>G]G	1	0	0	0	0	0	0	0	0	0	0	0	0	0	0	0	0	1	1	0	0	0	0	1	0	0	0	0	1	0	0	0	0	0	1	0	0	0	1	0	0	0	0	0	1	0	0	0	0	0	0	0	0	0	1	0	0	0	0	0	0	1	0	0	0	0	0	0	0	0	0	0	1	1	0	0	0	0	0	0	0	0	0	0	0	0	0	0	1
G[C>G]T	1	0	0	0	0	3	0	0	0	2	3	0	0	0	2	4	0	1	1	1	2	1	0	2	0	0	0	4	1	0	2	0	0	1	1	0	1	1	3	1	0	1	1	0	0	0	1	0	0	0	7	3	1	1	1	0	1	0	0	0	1	0	1	0	1	0	1	1	0	0	0	0	1	2	0	0	0	0	0	0	0	0	0	0	0	0	0	0	2
G[C>T]A	4	2	2	0	1	5	7	2	1	5	2	23	0	2	4	9	2	4	3	4	3	1	1	1	5	1	1	3	3	2	7	1	0	40	4	1	4	7	7	0	3	3	1	5	0	2	0	2	0	1	13	38	3	1	2	2	4	2	0	1	2	2	2	1	3	4	0	6	7	2	0	6	5	5	4	6	3	4	5	2	0	1	0	1	3	1	0	2	1
G[C>T]C	2	0	0	2	1	6	7	1	1	8	2	26	2	4	1	18	0	0	8	1	5	0	2	5	4	2	1	4	1	4	6	1	1	93	2	3	0	8	22	2	3	3	5	8	2	6	1	0	2	2	13	47	1	2	0	4	3	2	0	2	0	3	3	2	8	10	1	5	7	1	1	6	3	4	3	2	1	1	2	1	0	1	1	5	2	0	0	1	2
G[C>T]G	11	14	8	7	7	15	21	3	9	24	13	18	1	3	10	16	3	4	10	19	8	16	3	12	28	8	14	16	8	6	26	5	4	43	14	7	13	28	28	5	12	9	9	11	10	9	7	6	1	12	24	29	5	10	7	5	9	2	5	7	5	5	6	15	33	23	8	21	17	1	4	16	9	14	8	18	9	8	8	4	10	6	1	11	9	5	4	17	18
G[C>T]T	0	3	1	0	1	8	4	2	3	13	4	45	2	2	1	10	2	1	7	0	0	6	0	5	9	1	1	6	1	1	4	1	1	108	5	2	1	7	22	0	0	5	8	6	0	3	0	0	2	1	10	70	0	1	2	4	1	2	0	1	3	1	6	4	12	12	2	6	10	1	2	4	0	1	6	6	0	1	4	2	3	2	1	1	0	1	0	2	5
G[T>A]A	1	3	0	0	0	2	1	0	2	2	0	1	1	0	0	2	2	2	4	0	1	0	0	3	3	1	0	2	0	0	1	0	1	4	1	0	4	1	2	1	0	2	1	1	0	0	3	0	0	0	2	5	0	0	0	0	0	0	0	1	0	3	1	0	2	3	0	0	3	0	0	0	2	0	2	2	0	0	2	1	0	1	2	0	0	0	0	2	4
G[T>A]C	1	1	0	0	0	1	1	0	0	1	0	0	1	1	1	4	0	0	0	0	1	0	0	2	0	0	0	0	0	1	0	0	1	0	1	0	1	1	0	0	0	1	1	2	1	0	0	0	0	0	2	0	1	0	0	0	0	1	0	0	0	1	0	0	1	1	1	2	1	0	0	0	0	1	0	2	0	0	1	0	0	0	0	1	0	0	0	2	1
G[T>A]G	2	0	1	1	1	2	1	3	0	1	0	2	1	0	2	2	1	1	2	1	0	1	1	0	1	0	0	2	1	1	3	0	1	3	1	1	1	1	3	0	0	2	2	0	1	0	1	0	0	2	5	4	0	1	0	0	0	2	0	2	0	0	0	0	4	1	0	5	4	0	0	3	1	2	0	2	0	0	1	1	1	2	1	2	0	1	1	1	3
G[T>A]T	0	0	1	0	2	3	2	1	1	1	5	2	0	1	1	8	1	0	7	0	0	1	0	2	1	2	0	2	1	0	4	1	2	6	3	1	0	5	6	0	0	0	2	2	0	1	3	0	0	2	12	5	1	0	0	0	0	3	0	1	0	1	1	0	3	3	0	1	3	0	0	2	0	1	0	2	0	0	0	0	0	0	0	0	1	2	1	2	0
G[T>C]A	3	0	0	2	1	3	1	3	0	7	3	0	4	0	1	10	0	0	7	4	4	3	0	2	0	1	1	0	1	0	4	2	2	11	2	1	1	5	2	0	1	9	5	2	0	1	2	7	1	3	16	5	2	1	1	0	3	4	1	2	3	2	2	3	4	7	1	2	5	0	3	2	0	8	4	2	5	2	7	1	0	1	1	4	1	0	0	5	5
G[T>C]C	0	0	2	1	1	4	2	2	0	3	1	1	2	0	2	4	1	1	2	5	1	3	2	0	1	0	0	3	3	1	2	2	1	2	1	0	1	5	3	1	2	6	3	2	0	0	3	3	1	0	7	5	1	0	1	1	0	2	0	0	2	0	6	2	3	4	1	3	5	0	0	2	1	3	3	2	0	0	4	0	0	1	1	1	1	0	1	1	5
G[T>C]G	2	0	1	1	0	2	6	2	2	1	5	1	1	0	0	5	2	1	5	4	1	2	0	4	5	2	0	0	1	1	4	0	0	9	4	1	1	5	5	0	1	4	3	4	0	2	3	3	0	1	11	3	0	2	0	0	1	1	1	0	0	2	0	0	7	4	0	6	4	0	0	4	1	4	1	0	1	1	1	0	1	1	0	3	1	2	0	1	6
G[T>C]T	1	2	1	1	1	6	3	0	0	7	2	1	1	1	3	7	2	0	12	6	1	3	1	3	3	1	5	1	0	0	4	1	1	13	2	2	1	6	5	2	2	9	7	3	0	1	3	1	0	2	23	9	3	1	0	1	0	3	2	1	1	8	4	5	6	6	6	6	8	0	0	5	4	4	3	2	3	1	4	1	0	2	2	3	3	1	0	3	5
G[T>G]A	0	0	0	0	2	0	0	0	1	1	0	0	0	0	0	2	1	0	0	0	0	1	1	1	0	0	1	1	1	0	1	0	0	1	2	1	1	3	0	0	0	0	0	0	0	1	1	0	0	2	0	1	0	1	2	0	1	2	1	1	0	0	2	0	1	1	1	0	0	1	0	0	0	0	0	0	0	1	0	0	0	1	0	0	0	1	0	0	2
G[T>G]C	0	0	0	0	0	0	0	1	0	0	0	0	0	0	0	0	1	0	0	0	0	0	0	0	0	0	0	1	0	0	0	0	0	1	1	0	3	1	0	0	0	0	2	1	1	0	1	0	0	1	2	1	0	0	0	0	0	0	2	0	0	0	0	0	0	2	1	1	0	0	0	1	1	0	1	1	0	1	0	0	0	1	0	0	0	0	0	0	1
G[T>G]G	0	0	2	0	0	2	5	0	3	6	3	1	1	2	1	2	0	0	2	0	0	0	1	2	1	2	4	2	2	5	2	0	0	4	3	1	1	4	1	1	3	2	5	1	3	0	1	2	0	2	5	6	4	2	1	0	1	1	0	0	0	3	2	3	3	5	1	3	1	1	1	1	3	0	1	5	0	1	1	1	0	2	1	0	3	2	0	2	7
G[T>G]T	2	0	0	0	0	0	0	0	1	2	1	0	1	0	0	0	1	1	1	0	1	0	0	1	0	1	1	0	3	0	0	0	1	5	0	0	0	1	0	0	2	0	4	2	1	1	1	1	1	0	2	4	2	1	1	0	1	0	0	0	0	0	3	2	1	1	2	1	1	0	1	2	0	1	2	0	1	0	0	0	0	0	0	0	2	0	0	2	0
T[C>A]A	0	4	0	1	1	4	5	0	2	1	7	3	2	1	3	10	1	0	3	2	1	3	0	0	3	2	3	7	1	4	4	1	1	4	4	1	6	4	2	1	2	2	9	4	1	3	4	3	0	1	14	10	0	3	1	1	1	3	0	2	0	4	0	0	3	3	0	5	5	1	1	4	0	1	2	3	2	4	3	2	0	0	0	0	1	0	0	5	4
T[C>A]C	2	1	3	0	0	5	1	3	0	1	3	0	1	1	3	6	0	0	1	1	0	3	0	2	2	0	1	3	1	2	4	3	1	11	2	2	0	5	8	3	3	2	2	0	2	0	3	0	0	0	16	5	1	5	0	2	0	0	0	1	0	2	0	1	5	11	1	6	5	1	0	5	1	6	1	2	1	4	4	2	0	0	1	1	1	0	1	0	4
T[C>A]G	1	0	0	0	0	0	0	1	0	0	1	3	0	0	0	0	0	0	0	0	1	0	0	1	0	1	0	0	1	0	0	0	0	1	2	1	0	1	1	0	0	0	0	1	0	0	0	0	1	0	2	0	0	1	1	0	0	0	0	0	0	0	0	0	0	1	0	0	2	0	0	0	0	1	0	0	0	1	0	0	0	1	1	0	0	0	0	0	3
T[C>A]T	4	3	2	2	0	12	6	2	5	4	4	6	2	3	3	4	2	1	4	5	1	3	0	6	7	0	0	2	1	1	4	1	1	10	6	3	5	4	6	2	1	1	7	6	0	1	3	0	0	2	9	6	0	1	1	0	2	0	1	2	2	2	3	4	4	1	1	7	3	0	0	5	0	6	7	4	1	2	1	4	1	2	2	4	5	1	2	5	5
T[C>G]A	0	0	0	1	1	3	3	0	2	3	4	4	0	0	1	1	1	0	4	0	0	2	1	2	0	0	0	0	1	1	3	2	1	1	0	0	1	0	4	0	0	3	3	0	0	0	0	0	1	2	6	3	1	0	0	1	0	1	0	1	0	0	1	1	3	4	0	4	2	1	0	2	0	5	1	2	2	0	1	0	1	0	0	2	3	1	0	0	3
T[C>G]C	0	0	1	0	0	1	1	0	0	4	2	2	0	0	1	2	0	1	1	0	1	1	0	0	0	3	2	0	0	0	0	0	2	0	3	0	0	2	2	1	1	0	3	0	0	2	0	2	0	0	7	3	0	0	0	0	2	1	0	1	2	1	2	2	1	5	0	3	6	1	0	0	0	2	5	3	1	1	2	1	1	0	0	1	0	0	0	1	1
T[C>G]G	1	0	0	0	0	0	1	0	0	1	0	1	0	0	0	0	0	0	0	0	0	1	0	0	1	0	0	0	0	0	0	0	0	4	3	0	0	2	3	0	0	1	1	1	0	0	1	0	0	2	0	2	2	0	0	0	1	0	0	0	0	0	0	0	0	1	0	0	1	0	0	1	0	1	0	0	0	0	0	0	1	0	0	0	0	0	0	0	2
T[C>G]T	1	1	0	1	2	4	7	0	4	5	6	2	1	0	1	11	0	1	10	1	2	0	0	5	4	2	0	3	1	1	4	1	1	12	6	0	2	5	7	0	3	4	3	2	1	1	2	0	2	0	15	11	2	4	1	3	3	2	2	0	1	1	3	2	4	4	3	5	6	2	3	2	1	7	5	6	5	1	2	0	0	0	1	3	1	1	0	5	5
T[C>T]A	1	1	2	3	1	4	6	1	1	2	6	13	3	0	7	13	3	3	4	4	3	6	1	4	2	0	1	4	3	4	7	3	6	23	1	6	1	7	7	3	3	7	3	2	1	2	2	1	2	5	14	28	2	3	2	1	3	3	1	1	0	4	3	8	7	12	4	9	12	2	0	10	3	13	7	4	3	3	7	3	3	0	2	3	2	2	2	3	6
T[C>T]C	3	5	0	1	3	5	10	2	0	15	1	22	1	1	4	11	1	2	9	6	2	2	0	6	5	6	2	1	3	1	6	4	3	40	13	4	2	3	15	0	4	5	5	7	2	4	2	1	1	3	17	30	2	3	3	2	3	3	0	1	3	2	3	7	9	10	3	5	9	5	2	1	3	6	6	6	5	1	3	1	3	0	1	1	5	3	2	5	4
T[C>T]G	6	4	3	6	9	13	8	5	7	15	10	11	6	3	8	18	4	5	11	8	10	9	2	8	9	8	5	12	3	10	6	2	3	13	15	10	7	17	21	5	15	8	9	9	6	4	3	4	2	4	11	12	1	11	3	10	3	1	2	2	4	7	10	9	17	16	6	22	15	2	3	8	6	6	10	14	5	4	7	2	7	5	6	5	10	3	1	10	13
T[C>T]T	1	4	0	6	3	6	7	2	3	6	7	22	3	2	6	24	2	1	8	4	3	4	2	6	2	2	5	5	2	3	8	1	1	32	8	0	5	12	19	2	2	3	4	3	3	3	3	3	0	2	15	35	0	5	3	0	2	6	3	1	1	4	3	4	12	11	1	9	10	4	1	9	2	2	5	8	6	2	3	1	1	1	2	2	3	3	1	9	7
T[T>A]A	2	2	0	0	2	5	2	0	1	1	2	1	1	1	0	6	0	2	5	3	1	4	0	3	3	1	0	1	0	1	3	0	2	6	4	2	2	2	6	2	2	4	2	2	0	6	1	2	0	3	21	9	1	1	2	1	1	1	1	2	0	4	1	1	5	7	1	4	10	0	2	4	2	5	5	9	2	0	2	1	1	0	0	3	0	2	1	3	2
T[T>A]C	1	0	2	0	0	2	6	1	2	3	1	0	0	1	2	4	0	0	5	1	0	2	0	0	1	0	1	1	1	0	1	2	1	6	1	0	0	2	6	0	1	1	1	3	1	1	0	0	0	0	10	6	0	2	0	1	1	0	1	0	0	2	1	1	3	1	1	0	1	0	0	1	2	2	4	2	0	0	1	0	1	1	1	1	0	0	0	0	1
T[T>A]G	0	0	0	1	1	0	0	1	0	0	1	0	0	0	1	4	1	1	0	0	1	1	0	1	1	0	0	3	0	1	0	0	0	5	0	0	0	3	0	1	1	0	1	0	0	0	1	0	1	0	13	3	0	1	0	1	0	1	1	0	0	0	0	0	2	1	1	1	4	0	0	1	0	3	1	3	0	0	0	0	2	0	0	0	2	1	0	1	4
T[T>A]T	4	0	0	2	2	8	6	1	1	8	5	4	3	0	0	13	2	1	10	1	3	1	1	3	3	3	0	1	4	2	6	3	0	10	3	2	2	8	8	1	1	0	4	1	1	1	3	3	2	2	12	9	0	2	1	0	2	0	0	2	2	3	2	3	9	0	2	1	3	0	0	4	1	5	2	5	2	0	7	0	0	0	3	1	0	0	0	5	8
T[T>C]A	0	1	0	1	3	7	0	1	2	5	4	1	2	0	2	9	2	0	5	2	3	2	1	4	3	2	6	1	4	1	2	0	1	10	5	2	3	8	10	5	5	5	5	5	2	4	1	0	0	0	14	7	2	1	0	1	0	2	1	3	0	1	1	4	5	4	0	2	5	1	0	9	2	7	1	6	1	2	2	5	2	0	1	1	2	0	0	2	6
T[T>C]C	0	1	0	4	1	5	2	0	0	5	2	5	4	0	1	7	2	0	5	3	1	2	2	5	1	0	3	4	5	2	4	3	2	4	5	4	2	8	10	0	3	7	1	3	2	3	1	0	1	2	19	5	4	0	0	4	0	2	0	2	0	3	3	4	6	3	0	5	10	1	2	2	2	3	6	7	1	2	4	1	0	1	1	4	0	0	0	3	8
T[T>C]G	0	0	1	1	0	2	4	0	0	3	2	1	1	1	1	3	0	1	1	2	0	2	0	2	1	0	1	0	1	0	1	0	0	5	2	0	0	3	2	0	3	7	6	5	0	0	3	1	1	1	12	8	1	0	1	1	0	0	0	0	2	1	0	1	3	4	0	6	2	0	0	4	0	3	5	1	3	0	1	0	0	0	1	2	1	0	0	1	3
T[T>C]T	1	0	0	3	2	5	5	1	3	6	6	2	3	2	4	10	4	1	2	4	2	6	0	6	3	4	3	5	4	5	3	2	0	7	6	1	2	6	11	4	3	2	6	4	0	1	2	2	1	1	21	11	2	2	2	1	2	2	1	4	3	2	3	4	10	9	2	6	6	0	0	10	1	6	9	4	1	0	9	3	0	2	3	4	3	3	1	6	12
T[T>G]A	0	0	0	0	0	0	1	0	0	2	2	1	0	0	0	1	0	0	0	0	1	0	0	1	1	0	2	2	1	1	0	2	0	2	0	1	0	4	2	1	1	0	2	1	0	1	3	1	0	0	7	7	1	0	0	0	2	1	0	2	1	3	1	1	3	2	0	1	3	0	0	1	1	2	0	1	1	1	2	0	0	0	0	2	0	0	0	0	2
T[T>G]C	1	0	1	0	0	1	0	0	0	1	0	1	1	0	1	2	0	0	1	3	0	0	0	1	0	0	0	0	0	0	1	0	0	1	0	0	0	1	2	1	0	2	1	0	0	0	0	0	0	1	5	5	0	0	1	0	0	0	0	0	0	0	1	0	1	3	0	1	1	1	0	2	0	4	1	2	0	0	1	0	2	1	1	0	0	1	0	0	5
T[T>G]G	0	0	0	0	0	2	1	1	2	2	0	0	1	1	2	3	1	0	4	1	2	0	0	2	2	3	1	2	0	1	1	0	0	1	2	0	1	2	0	0	0	0	1	2	0	1	0	1	0	1	5	2	0	0	0	1	0	1	0	0	0	1	2	1	2	4	0	1	5	0	1	2	0	2	2	0	0	0	3	1	3	1	0	1	1	1	1	0	2
T[T>G]T	1	1	2	3	1	6	9	1	1	7	2	1	0	0	2	2	1	0	4	3	1	3	1	0	5	0	4	1	0	1	4	0	1	3	6	0	2	5	7	2	1	3	2	1	3	2	1	0	1	4	4	6	0	1	2	1	0	2	1	2	2	2	1	3	2	4	0	5	6	0	2	5	0	3	1	2	1	0	3	3	1	0	0	0	2	0	1	2	5
