Mutation Types	PBCA-DE_SP107356	PBCA-DE_SP107357	PBCA-DE_SP107358	PBCA-DE_SP107359	PBCA-DE_SP107360	PBCA-DE_SP107361	PBCA-DE_SP107362	PBCA-DE_SP107363	PBCA-DE_SP107365	PBCA-DE_SP107369	PBCA-DE_SP107371	PBCA-DE_SP107373	PBCA-DE_SP107377	PBCA-DE_SP107379	PBCA-DE_SP107381	PBCA-DE_SP107384	PBCA-DE_SP107386	PBCA-DE_SP107403	PBCA-DE_SP107404	PBCA-DE_SP107405	PBCA-DE_SP107406	PBCA-DE_SP107407	PBCA-DE_SP107435	PBCA-DE_SP107436	PBCA-DE_SP107437	PBCA-DE_SP107438	PBCA-DE_SP107440	PBCA-DE_SP107441	PBCA-DE_SP107443	PBCA-DE_SP107444	PBCA-DE_SP107446	PBCA-DE_SP107448	PBCA-DE_SP107449	PBCA-DE_SP107451	PBCA-DE_SP107453	PBCA-DE_SP107454	PBCA-DE_SP107455	PBCA-DE_SP107457	PBCA-DE_SP107458	PBCA-DE_SP107459	PBCA-DE_SP107460	PBCA-DE_SP107461	PBCA-DE_SP107462	PBCA-DE_SP107463	PBCA-DE_SP107464	PBCA-DE_SP107466	PBCA-DE_SP107467	PBCA-DE_SP107468	PBCA-DE_SP107469	PBCA-DE_SP107470	PBCA-DE_SP107472	PBCA-DE_SP107473	PBCA-DE_SP107474	PBCA-DE_SP107477	PBCA-DE_SP107478	PBCA-DE_SP107479	PBCA-DE_SP107480	PBCA-DE_SP107545	PBCA-DE_SP107546	PBCA-DE_SP107547	PBCA-DE_SP107548	PBCA-DE_SP107549	PBCA-DE_SP107550	PBCA-DE_SP107552	PBCA-DE_SP107553	PBCA-DE_SP107554	PBCA-DE_SP107555	PBCA-DE_SP107556	PBCA-DE_SP107557	PBCA-DE_SP78659	PBCA-DE_SP78660	PBCA-DE_SP78661	PBCA-DE_SP78662	PBCA-DE_SP78663	PBCA-DE_SP78664	PBCA-DE_SP78665	PBCA-DE_SP78666	PBCA-DE_SP78668	PBCA-DE_SP78671	PBCA-DE_SP78672	PBCA-DE_SP78673	PBCA-DE_SP78674	PBCA-DE_SP78675	PBCA-DE_SP78676	PBCA-DE_SP78677	PBCA-DE_SP78679	PBCA-DE_SP78680	PBCA-DE_SP78709	PBCA-DE_SP78711	PBCA-DE_SP78713	PBCA-DE_SP78714	PBCA-DE_SP78716	PBCA-DE_SP78717	PBCA-DE_SP78718	PBCA-DE_SP78719	PBCA-DE_SP78720	PBCA-DE_SP78721	PBCA-DE_SP78722	PBCA-DE_SP78726	PBCA-DE_SP78727	PBCA-DE_SP78729	PBCA-DE_SP78730	PBCA-DE_SP78731	PBCA-DE_SP78804	PBCA-DE_SP78805	PBCA-DE_SP78807	PBCA-DE_SP78813	PBCA-DE_SP78814	PBCA-DE_SP78815	PBCA-DE_SP78816	PBCA-DE_SP78817	PBCA-DE_SP78818	PBCA-DE_SP78819	PBCA-DE_SP78820	PBCA-DE_SP78821	PBCA-DE_SP78822	PBCA-DE_SP78823	PBCA-DE_SP78824	PBCA-DE_SP78825	PBCA-DE_SP78851	PBCA-DE_SP78865	PBCA-DE_SP78873	PBCA-DE_SP78875	PBCA-DE_SP78901	PBCA-DE_SP78919	PBCA-DE_SP78921	PBCA-DE_SP78923	PBCA-DE_SP78931	PBCA-DE_SP78935	PBCA-DE_SP78937	PBCA-DE_SP78939	PBCA-DE_SP78945	PBCA-DE_SP78947	PBCA-DE_SP78951	PBCA-DE_SP78953	PBCA-DE_SP78955	PBCA-DE_SP79066	PBCA-DE_SP79144	PBCA-DE_SP79148	PBCA-DE_SP79150	PBCA-DE_SP79160
A[C>A]A	43	64	24	42	22	73	53	36	22	45	49	46	60	81	40	119	39	85	46	39	67	75	41	17	48	50	17	34	2	10	19	10	27	10	10	8	33	17	30	17	21	6	31	33	25	25	22	14	9	20	26	20	33	20	18	15	3	16	27	5	11	7	4	5	1	37	16	41	4	16	11	21	41	37	20	10	13	3	18	23	26	47	25	22	3	67	11	16	1	44	13	101	4	48	0	19	8	16	51	39	5	47	14	27	21	21	24	24	6	11	9	13	8	16	60	50	8	14	15	100	13	6	8	10	7	28	4	5	13	98	11	8	18	22	1	18	21	23	26	7	12
A[C>A]C	31	36	17	38	25	53	36	23	11	46	48	41	50	56	32	88	32	81	20	36	52	85	52	13	32	41	11	23	3	10	15	10	28	11	11	6	24	14	21	7	14	8	20	32	22	17	22	8	3	13	17	7	27	20	17	13	6	9	13	5	16	8	4	6	3	34	14	28	4	14	9	19	22	14	14	5	10	5	16	7	12	20	11	14	1	62	7	21	0	37	12	88	3	25	2	19	2	5	61	26	8	25	10	42	10	9	12	30	2	8	2	9	8	13	38	24	4	9	22	65	10	5	3	8	17	12	4	2	7	73	2	12	8	23	3	10	22	18	20	8	4
A[C>A]G	3	4	1	5	5	13	7	3	3	3	7	8	9	9	9	13	5	6	5	8	9	12	4	2	5	8	4	4	0	2	2	2	4	2	1	0	4	1	9	1	5	1	1	3	8	3	4	3	0	2	2	1	6	3	2	0	1	0	2	1	2	1	0	2	0	2	7	4	2	3	0	4	6	3	4	1	1	2	3	1	3	1	2	3	1	7	3	4	0	5	1	12	0	3	1	9	0	1	3	4	2	2	1	7	5	3	1	4	1	1	1	2	1	3	8	1	2	1	4	8	2	1	3	2	2	3	0	1	1	10	2	0	1	0	1	2	1	3	1	2	1
A[C>A]T	21	36	19	25	25	35	33	23	15	51	27	29	34	66	29	78	23	71	24	40	43	68	28	11	25	28	9	22	2	15	10	5	29	7	12	5	14	8	16	6	24	4	18	25	16	13	17	5	2	17	16	15	24	11	13	6	8	7	12	3	17	8	2	6	2	23	14	26	3	9	5	13	38	17	12	9	6	2	8	6	16	27	12	14	4	65	10	15	0	35	5	80	5	28	0	15	3	2	65	26	9	20	5	14	8	14	14	14	1	9	1	14	8	7	38	26	3	2	14	49	10	1	4	6	4	17	7	3	7	66	8	11	14	12	4	4	18	14	13	4	7
A[C>G]A	11	22	12	10	7	13	9	14	6	18	17	19	23	40	9	26	12	32	11	27	28	16	20	23	24	26	1	32	8	10	23	14	30	25	9	13	17	21	42	1	27	9	23	8	14	8	15	18	6	15	18	25	28	23	21	11	4	6	6	10	22	7	5	9	1	44	16	14	5	10	12	8	21	35	22	26	6	1	25	10	12	23	27	9	1	23	14	13	0	13	13	43	1	12	1	20	2	2	36	6	16	17	17	38	29	13	28	22	8	14	2	10	3	18	48	39	6	3	20	79	10	2	8	8	16	60	12	8	17	82	3	15	11	25	5	10	16	28	10	4	8
A[C>G]C	9	15	5	15	5	18	12	6	7	10	5	10	8	22	6	30	6	23	3	26	22	17	15	11	14	17	7	11	1	7	13	2	11	24	9	8	8	7	17	3	18	6	10	8	2	6	8	16	2	11	5	10	30	10	5	6	4	3	8	2	13	7	3	6	1	18	10	5	3	4	4	8	10	12	8	9	0	2	10	1	9	10	2	7	0	13	2	8	0	8	5	17	3	8	0	6	1	1	22	1	10	12	7	43	15	9	11	10	2	6	1	4	3	10	19	21	0	1	14	38	9	1	4	7	10	30	13	0	4	43	3	10	7	3	4	8	8	8	9	4	5
A[C>G]G	0	3	3	3	1	6	4	5	1	2	5	4	4	4	3	4	5	6	2	6	1	4	1	3	3	7	4	7	0	2	2	6	3	5	3	3	8	4	6	1	5	1	3	2	0	2	3	2	0	1	1	3	7	3	4	0	3	4	3	2	1	2	1	1	1	5	5	6	2	2	4	2	2	6	6	3	2	1	6	2	5	7	1	6	1	6	0	0	0	2	4	5	0	3	0	3	0	0	7	4	1	5	0	6	5	3	9	4	0	1	1	3	2	4	4	11	0	3	3	8	2	1	1	1	3	8	2	0	1	13	2	3	4	2	1	2	5	7	1	1	6
A[C>G]T	8	21	10	13	9	22	15	9	7	15	21	10	15	24	13	37	11	42	5	20	15	20	17	10	15	21	9	25	2	9	14	15	27	29	12	6	21	8	27	1	20	8	14	6	9	5	11	13	4	7	8	29	23	14	15	8	8	8	6	7	16	5	2	10	0	40	14	11	10	4	6	8	28	20	9	15	4	2	21	6	9	20	8	16	1	21	6	9	0	12	7	29	0	11	0	12	2	0	25	9	15	12	12	37	22	9	20	16	3	15	1	7	6	14	34	34	1	3	15	53	7	2	5	8	6	21	14	2	6	64	3	14	7	11	1	16	13	14	8	1	9
A[C>T]A	61	79	29	60	40	80	47	53	29	69	74	72	79	113	59	128	52	161	48	99	83	105	71	19	47	47	19	38	4	29	25	21	31	18	14	25	35	37	46	18	36	13	32	48	60	46	23	23	9	27	35	21	38	19	25	19	13	14	19	3	24	11	3	19	4	47	26	43	11	17	13	23	45	46	29	22	19	18	25	14	32	27	19	25	12	65	13	27	4	44	18	111	12	27	4	23	8	4	58	35	10	20	24	74	25	25	31	49	5	16	4	27	12	34	53	64	9	14	32	75	12	10	11	17	16	26	12	11	13	107	7	14	22	30	6	25	19	39	34	10	17
A[C>T]C	33	46	16	36	22	51	39	30	21	31	58	38	48	52	31	68	23	88	21	52	59	60	52	11	33	26	9	20	0	6	7	14	15	18	9	10	11	14	19	8	30	6	15	32	21	23	21	10	1	7	8	15	23	19	14	8	6	10	9	7	10	6	1	9	2	29	15	18	10	7	7	24	10	24	9	13	5	4	14	7	12	15	17	14	6	32	10	20	3	23	10	54	5	17	0	5	2	4	25	11	14	11	5	50	11	20	26	18	5	11	5	7	3	14	25	36	7	3	13	35	9	11	5	11	12	7	9	5	8	43	8	11	13	16	5	10	7	20	13	9	5
A[C>T]G	325	281	114	359	210	467	351	237	143	244	275	267	366	463	209	380	260	599	255	439	224	462	366	62	244	57	90	80	19	23	35	81	73	40	47	82	61	57	163	125	116	55	67	300	277	170	49	61	21	73	67	64	49	76	64	51	53	58	117	27	62	46	32	46	24	86	52	143	32	87	29	132	64	125	57	44	132	44	109	44	84	141	62	122	56	136	30	92	9	187	57	304	61	92	13	40	46	12	73	74	43	120	44	148	58	80	86	69	20	31	29	38	14	67	83	149	47	35	48	213	56	41	35	76	46	60	39	46	61	104	53	38	73	71	17	64	30	107	107	53	47
A[C>T]T	28	58	24	36	22	67	54	40	18	38	50	56	74	51	33	92	33	109	26	59	66	82	46	17	39	44	10	39	3	24	31	15	22	18	5	10	26	11	33	19	30	12	26	34	22	21	34	10	1	12	23	14	28	17	16	11	11	15	7	8	17	7	3	6	6	45	20	19	5	12	15	21	38	37	25	16	10	7	21	7	18	28	21	23	10	58	6	20	1	37	12	91	3	24	0	17	8	4	53	23	7	21	14	36	18	17	32	28	3	10	14	16	6	21	53	48	4	5	17	60	8	9	5	12	13	13	10	6	14	110	8	14	12	22	6	15	17	37	29	7	7
A[T>A]A	10	22	13	22	14	17	25	9	9	25	25	15	24	38	19	69	18	71	15	24	27	54	38	11	22	15	4	11	1	7	9	8	10	6	4	7	13	5	16	5	15	1	12	6	12	8	9	14	7	4	8	11	18	4	6	3	2	6	3	2	7	5	2	11	7	20	11	6	3	6	7	5	22	17	16	11	8	1	7	8	8	10	6	12	1	20	2	14	0	17	3	31	1	12	1	9	1	2	20	28	10	9	9	14	15	9	12	16	0	5	2	3	5	10	22	28	1	1	15	20	2	3	2	2	4	5	4	4	6	40	4	7	2	16	8	9	9	6	12	4	2
A[T>A]C	9	13	7	13	6	12	14	8	6	13	16	10	9	26	9	39	9	38	11	18	17	31	10	5	12	10	5	8	0	5	6	5	11	7	1	1	6	6	21	0	6	3	8	3	9	8	7	7	1	3	6	7	11	5	10	4	2	2	4	0	6	2	1	0	0	12	12	9	1	4	9	4	14	6	9	3	3	5	10	4	16	9	5	7	2	31	3	6	1	13	3	21	1	4	1	11	2	1	18	15	4	8	3	16	2	5	7	9	0	2	1	3	0	8	15	15	3	2	4	24	5	1	2	0	3	6	3	0	3	31	1	9	10	6	2	5	4	8	6	0	4
A[T>A]G	10	14	13	11	4	12	15	8	4	19	11	12	16	18	12	35	10	30	8	18	13	44	11	4	10	16	4	10	0	3	4	2	17	4	4	5	12	5	13	5	9	1	6	12	8	5	13	7	0	3	9	8	13	1	9	4	3	3	4	2	7	3	2	3	1	10	14	9	3	3	1	7	9	4	11	1	1	1	5	2	10	12	4	10	1	26	2	7	1	10	8	32	7	3	1	5	0	2	22	13	3	5	5	17	3	4	6	20	3	6	4	6	4	5	18	23	0	5	9	19	2	5	3	4	5	5	2	2	2	32	4	5	4	2	2	7	3	5	3	2	4
A[T>A]T	22	46	14	37	22	37	27	19	9	53	28	35	50	48	20	69	22	101	29	50	30	65	28	10	23	25	11	21	1	8	10	11	24	14	12	11	17	23	46	2	15	9	28	30	21	11	25	16	9	10	14	25	22	21	23	18	10	8	19	5	17	10	8	4	2	40	17	33	6	11	3	17	30	22	24	19	12	1	17	12	16	31	15	21	2	44	8	26	0	36	10	71	5	34	1	19	6	3	34	23	15	26	16	25	15	12	13	24	8	8	10	9	7	22	38	37	1	11	25	47	8	10	7	16	10	19	8	10	7	76	5	9	12	26	6	11	17	21	26	3	14
A[T>C]A	25	64	33	54	32	57	50	41	23	50	50	40	57	77	40	102	41	107	39	94	76	128	44	15	47	28	14	22	10	12	15	15	18	20	11	11	34	17	46	9	32	5	30	38	26	27	22	17	3	10	15	33	29	28	21	11	13	15	10	8	19	13	4	14	2	24	26	25	5	7	13	28	43	31	22	13	14	2	27	5	19	24	18	29	3	44	10	13	3	35	6	85	0	18	5	31	6	4	31	21	10	20	20	42	21	34	27	38	6	14	4	14	10	21	31	53	6	9	18	63	14	9	11	15	13	30	12	5	11	90	3	10	18	22	5	20	15	31	19	5	13
A[T>C]C	17	17	12	20	11	15	12	11	5	11	14	25	19	24	12	31	15	33	6	19	33	40	18	6	17	17	5	12	3	7	14	10	7	16	7	4	16	5	20	2	16	9	9	10	7	6	19	4	3	7	5	16	15	11	10	8	5	7	10	4	12	4	3	2	5	22	8	12	10	3	5	10	11	10	12	8	10	3	12	3	8	6	5	2	1	18	6	2	3	20	5	31	3	12	4	12	1	0	24	10	7	14	5	27	9	8	6	18	1	8	3	2	4	10	20	23	3	7	11	29	2	2	9	11	5	10	7	2	6	49	1	4	6	10	3	7	10	16	8	5	2
A[T>C]G	24	25	19	25	10	37	31	16	18	24	23	16	28	34	20	40	23	49	17	23	34	43	20	15	31	24	9	19	3	5	9	15	10	15	7	17	18	17	30	8	19	9	16	15	19	4	12	15	1	10	11	18	23	17	13	12	11	6	6	7	9	11	1	6	3	26	10	24	4	9	3	16	15	12	15	10	8	2	23	3	22	17	9	12	3	23	7	7	1	18	6	51	2	18	2	12	3	2	22	13	9	14	8	26	17	25	19	33	2	6	3	4	2	16	22	36	4	10	16	41	8	6	6	14	5	12	2	7	5	51	9	9	9	15	2	9	16	29	13	0	8
A[T>C]T	32	47	43	31	22	53	42	28	24	34	40	48	34	39	30	67	22	84	31	55	79	65	39	25	48	32	11	28	0	8	13	20	26	18	12	26	44	15	42	9	40	11	31	27	25	12	37	14	10	20	18	21	40	19	21	21	16	17	11	7	28	20	6	11	5	45	23	24	7	9	14	15	31	28	31	12	12	5	30	12	32	30	21	26	8	42	12	22	2	52	23	91	10	22	1	25	6	4	40	28	15	22	18	36	20	31	22	44	4	14	3	8	10	15	53	44	7	15	22	66	16	8	16	14	16	26	13	4	13	83	4	16	26	20	5	23	16	28	22	5	9
A[T>G]A	7	19	9	15	3	10	13	4	5	10	13	10	16	16	11	25	6	25	4	20	12	13	6	3	16	8	3	10	2	5	10	0	4	1	3	2	6	5	7	5	7	5	1	11	9	3	3	3	2	4	2	4	3	1	4	2	1	1	5	0	0	2	4	1	1	8	4	6	1	1	3	0	13	5	5	2	2	1	2	1	3	6	2	5	5	9	2	1	0	3	3	24	2	5	1	5	0	2	15	5	0	6	5	5	4	4	8	2	1	5	3	2	1	4	10	12	2	1	2	23	0	1	2	4	4	9	4	1	2	19	2	1	1	6	2	7	3	8	3	1	1
A[T>G]C	7	3	5	3	1	5	9	3	3	6	6	5	10	9	9	8	1	13	5	9	13	12	5	6	12	4	1	4	0	2	3	3	0	3	1	1	3	0	4	2	8	4	1	7	2	3	1	3	0	4	1	2	7	2	3	1	2	2	4	0	2	0	0	0	0	7	2	3	0	1	3	3	2	0	0	0	2	0	5	1	1	3	2	4	1	4	1	3	0	2	0	6	0	1	1	1	0	1	6	2	2	3	2	7	0	3	4	2	0	2	0	0	1	3	2	7	1	2	0	14	0	1	0	1	4	6	0	0	3	6	3	1	1	2	0	4	3	3	1	0	0
A[T>G]G	5	12	7	11	8	11	6	4	3	9	13	12	5	12	2	23	7	23	6	6	10	19	8	3	3	12	1	12	2	6	6	6	9	6	0	7	6	3	5	2	10	1	7	5	6	6	8	6	1	3	8	4	16	2	5	3	3	4	0	2	5	3	6	3	2	11	7	10	4	0	2	3	10	6	7	5	3	1	4	1	5	7	5	5	1	22	2	8	0	4	6	17	0	4	0	5	2	1	12	8	1	1	4	15	5	6	9	3	3	0	1	1	1	2	6	18	2	4	7	14	4	1	1	0	2	5	3	0	5	25	1	2	1	8	0	3	4	15	2	1	3
A[T>G]T	8	16	12	7	4	10	7	7	6	14	12	9	14	7	9	29	9	24	13	18	11	15	8	5	9	4	3	7	0	4	7	4	5	3	8	3	10	5	7	3	11	2	8	8	7	3	5	6	1	2	5	9	5	3	8	3	4	3	2	2	7	1	3	4	1	10	2	6	0	3	1	3	5	8	7	2	1	0	5	2	4	4	4	6	2	10	4	6	0	8	4	15	2	4	0	5	1	0	12	4	4	8	6	10	1	6	3	6	1	1	3	2	3	1	17	5	1	1	3	10	2	1	2	0	5	5	6	0	1	20	0	2	0	2	0	5	7	7	3	1	4
C[C>A]A	18	42	16	31	23	33	22	21	12	31	29	25	32	41	27	78	24	48	20	22	44	44	36	14	37	33	24	27	10	8	11	11	32	9	13	21	19	16	24	10	28	3	28	17	16	24	18	8	8	16	16	10	37	23	25	14	10	5	23	3	19	7	7	9	4	31	20	41	7	12	12	10	26	15	19	14	16	3	11	17	12	35	19	13	2	40	14	39	2	31	14	91	9	75	3	14	5	8	56	17	11	29	8	17	13	6	25	30	7	13	4	15	7	14	34	60	4	8	25	102	9	4	6	26	5	47	16	11	8	56	4	11	9	14	0	14	15	15	44	2	19
C[C>A]C	16	30	18	22	10	27	18	11	7	40	28	29	24	39	27	66	13	39	15	20	35	37	28	15	25	32	7	26	1	7	17	11	28	8	7	7	20	13	23	8	24	5	16	12	12	5	12	7	5	13	11	11	22	21	15	13	4	5	12	5	12	6	2	3	2	25	10	28	3	10	7	11	18	17	11	12	5	1	14	6	11	21	5	17	3	50	4	15	1	21	13	50	1	25	1	13	3	3	29	22	7	17	2	32	9	2	10	12	9	7	1	3	10	8	34	28	7	12	16	62	7	6	5	13	10	14	4	4	7	58	3	9	11	15	3	4	16	18	13	5	1
C[C>A]G	3	4	2	6	1	8	4	6	5	3	6	2	5	5	3	7	2	8	4	6	9	5	5	3	5	4	8	3	4	4	4	1	6	3	0	0	5	2	4	0	4	2	8	2	4	0	4	0	0	5	2	3	7	3	2	3	1	1	3	0	3	0	1	0	0	5	5	4	3	2	0	2	4	3	1	2	1	0	5	1	3	4	6	3	1	2	0	2	0	3	2	11	0	12	0	3	0	0	5	0	5	5	2	4	2	2	2	6	0	5	0	5	1	1	5	10	1	2	2	19	2	2	1	5	1	11	4	2	3	6	0	7	5	1	0	2	4	5	8	3	1
C[C>A]T	11	37	8	20	17	34	22	20	6	40	19	18	42	50	15	130	21	44	12	22	57	49	19	12	27	39	17	28	3	5	6	9	31	18	14	12	15	26	23	4	14	4	26	18	15	11	15	10	0	17	11	10	32	23	17	15	4	8	21	5	22	7	10	4	0	32	20	27	9	6	4	16	32	17	14	12	6	4	17	6	13	34	24	18	1	47	4	17	0	30	9	98	4	37	2	15	2	1	47	24	18	19	8	38	18	9	17	28	6	15	7	16	8	14	52	33	5	8	21	87	11	3	3	37	5	27	3	7	11	80	6	19	10	13	5	10	20	16	31	2	15
C[C>G]A	4	4	7	4	3	6	5	3	4	3	13	5	8	10	10	26	2	16	2	8	16	14	5	5	10	11	3	10	2	7	7	0	7	7	3	3	14	3	9	1	9	0	9	0	5	4	9	2	2	9	7	4	5	5	5	4	2	6	3	1	4	3	1	5	2	7	2	13	4	1	4	1	7	5	6	5	4	0	3	4	3	4	4	4	3	15	2	4	1	7	4	12	0	5	0	10	0	0	18	7	6	1	6	8	5	1	4	5	1	6	1	2	2	8	9	6	2	1	9	25	4	3	6	4	8	10	6	3	4	34	3	2	2	3	2	4	12	5	4	0	2
C[C>G]C	5	10	4	7	3	3	12	3	2	4	5	4	7	8	3	21	1	8	4	8	14	12	6	4	14	12	1	14	2	4	7	7	12	3	3	1	11	4	9	3	5	4	11	5	5	2	7	6	2	5	1	5	19	5	6	4	3	2	3	2	5	3	2	1	3	18	5	5	1	2	3	2	4	10	11	5	0	0	4	2	4	4	9	1	1	8	3	2	0	9	4	14	0	5	0	7	0	0	16	8	4	4	3	18	4	4	8	4	0	3	1	3	2	6	10	8	2	4	8	18	2	3	3	1	4	10	2	0	3	22	2	7	2	4	0	6	6	8	5	0	2
C[C>G]G	0	5	2	5	3	6	4	3	4	2	8	1	1	4	5	13	3	4	0	5	6	2	4	3	3	3	2	6	0	2	6	1	4	3	3	3	3	1	5	0	4	1	3	2	2	5	0	2	1	4	4	3	9	4	4	1	5	2	5	2	1	2	1	4	0	4	4	3	0	1	1	4	5	3	2	3	3	2	3	3	4	8	3	1	1	5	1	4	0	3	3	7	1	1	0	4	1	0	7	4	4	3	0	8	4	5	4	4	0	4	0	1	0	3	5	8	1	0	3	7	2	5	0	3	3	9	3	0	1	5	0	1	2	5	0	0	2	5	1	1	2
C[C>G]T	6	15	12	2	5	9	6	12	6	6	12	7	5	7	6	27	7	15	6	7	24	14	10	5	10	9	3	11	2	4	8	8	12	4	4	5	9	1	13	1	11	5	12	1	5	3	14	2	1	5	5	5	21	11	10	2	3	5	3	1	7	5	3	1	2	20	9	11	0	2	3	4	10	9	7	7	3	0	6	5	5	9	3	2	1	27	4	2	1	16	4	20	2	8	0	9	0	1	16	5	1	8	5	17	9	4	4	9	0	2	0	5	1	3	16	14	1	1	12	35	4	3	5	3	2	7	1	1	0	29	0	3	2	7	2	5	9	13	4	0	4
C[C>T]A	48	50	25	34	30	55	56	57	18	42	63	68	60	66	43	99	27	116	37	71	57	82	62	12	37	16	19	26	2	9	14	13	14	24	15	17	21	16	43	18	28	18	20	38	42	21	19	15	6	16	7	24	30	20	26	10	9	8	5	9	13	9	8	14	3	33	10	22	10	14	7	23	15	37	18	14	11	6	28	9	20	21	16	22	8	25	18	13	3	25	7	65	7	18	3	12	3	4	27	13	10	30	19	34	28	20	29	23	7	7	7	12	7	18	26	46	10	5	14	50	6	10	11	12	13	31	14	5	11	59	6	10	18	17	10	11	9	43	18	9	7
C[C>T]C	38	67	22	52	17	71	65	73	26	35	62	71	76	75	40	202	44	99	48	64	77	86	69	12	39	22	18	28	8	7	16	23	22	18	19	17	16	9	38	12	27	12	18	49	57	22	12	13	5	16	10	22	18	23	18	9	11	7	11	9	11	8	4	9	5	28	16	23	8	8	12	15	14	31	17	14	19	6	35	2	23	23	19	12	11	34	9	22	4	35	13	38	7	20	4	9	8	3	15	15	15	21	16	41	12	24	37	30	4	3	10	13	4	22	17	47	8	7	20	40	12	8	12	11	19	18	13	4	17	39	7	17	9	15	3	13	11	41	22	8	8
C[C>T]G	154	170	63	167	114	265	177	141	73	104	137	126	196	182	104	193	109	259	109	160	113	204	169	49	134	29	55	46	17	15	17	43	46	42	34	49	32	50	82	38	72	27	44	131	99	86	22	29	9	44	50	47	41	46	44	31	30	32	66	18	49	31	26	30	16	63	39	89	20	45	17	69	30	52	38	27	86	22	49	24	39	58	35	74	43	67	15	64	1	133	33	164	28	47	12	23	29	5	40	38	36	86	44	82	44	46	57	51	15	24	25	30	14	33	46	84	30	15	35	152	36	23	27	51	39	40	21	22	24	68	36	35	36	34	7	33	17	65	57	20	32
C[C>T]T	37	50	29	46	23	76	61	58	29	48	58	57	89	67	41	206	32	124	42	83	61	92	68	14	28	48	18	26	4	15	16	24	31	16	11	13	24	20	40	15	21	13	29	32	46	17	36	10	8	20	22	24	41	20	13	12	11	13	24	7	12	12	3	4	1	51	20	29	6	13	6	21	30	21	16	14	4	6	30	9	26	30	23	14	8	37	7	28	1	29	20	76	11	20	4	22	3	1	41	22	10	28	13	28	17	31	26	31	6	12	12	11	5	17	53	48	9	4	16	51	12	12	10	15	17	45	15	3	9	91	11	10	19	20	3	25	9	40	20	10	10
C[T>A]A	5	12	5	8	5	9	10	7	1	17	8	11	6	13	5	46	7	27	5	6	17	24	11	3	10	12	1	6	1	3	5	3	11	6	3	3	17	6	7	2	14	3	5	8	5	3	9	3	1	6	10	3	16	2	6	1	2	5	1	3	3	3	2	1	1	13	10	12	2	1	3	4	15	5	5	7	1	1	1	2	0	5	3	7	1	18	3	5	2	3	3	24	0	2	0	4	1	0	15	9	2	5	1	9	0	5	0	10	2	2	2	3	3	4	8	12	0	2	12	18	3	1	0	0	7	6	2	2	3	23	1	6	6	6	2	2	6	4	6	1	4
C[T>A]C	7	19	4	11	5	14	10	7	5	19	9	23	18	22	7	45	7	22	6	11	26	29	11	6	11	14	4	13	2	7	11	7	20	7	2	2	11	3	13	2	9	7	8	4	10	4	9	0	3	3	9	3	21	7	10	2	1	4	3	2	5	5	3	2	1	7	10	17	1	5	3	5	16	2	5	4	3	2	1	2	9	9	3	10	1	32	3	10	0	20	0	43	3	7	0	10	1	0	23	11	2	6	4	9	3	7	9	17	3	5	1	3	7	9	17	13	2	4	9	16	5	2	1	2	4	10	0	2	3	40	2	4	5	4	4	3	12	4	5	3	2
C[T>A]G	4	14	8	8	5	11	7	8	5	21	11	12	10	22	10	39	5	26	4	16	16	21	5	6	8	24	2	14	0	5	8	6	4	7	6	1	15	1	7	1	13	3	7	6	6	6	20	5	1	2	7	7	21	5	6	3	4	2	2	2	3	1	2	1	2	11	10	11	4	2	0	7	13	6	7	3	5	0	7	2	9	12	0	5	2	34	0	9	0	9	3	33	1	7	0	4	0	1	23	11	3	13	5	12	4	5	10	15	2	2	2	4	2	3	26	4	0	2	11	19	6	2	4	1	8	12	2	3	2	34	0	3	3	3	1	1	8	14	8	3	1
C[T>A]T	12	26	13	19	7	17	21	11	4	24	15	17	24	21	12	83	12	38	11	8	21	35	12	8	21	31	4	17	1	13	9	10	22	10	5	7	18	13	12	3	18	2	15	2	9	9	24	11	3	3	14	6	23	8	10	6	0	2	5	5	14	2	1	5	1	19	14	13	4	8	1	6	27	16	13	13	3	1	7	7	11	10	9	8	1	41	3	17	0	18	8	60	1	15	1	18	1	0	32	20	6	9	11	16	6	7	16	20	3	11	1	6	5	12	30	22	2	4	20	34	6	2	8	9	8	8	3	2	7	84	6	4	4	10	0	6	19	9	10	1	5
C[T>C]A	10	12	10	11	7	23	11	12	2	10	15	15	16	12	10	26	16	28	7	12	24	17	9	9	19	18	4	14	5	5	14	8	9	11	6	7	13	15	24	1	16	3	17	4	10	8	6	4	1	9	9	16	30	4	5	1	4	3	5	1	10	8	5	6	2	16	11	11	7	11	5	7	17	7	9	7	6	2	9	8	10	16	5	10	4	14	1	14	0	12	8	24	4	10	0	8	2	0	9	13	12	8	5	17	10	9	16	21	6	6	1	4	4	14	22	16	2	3	7	37	4	4	7	10	6	13	6	3	2	35	2	6	2	8	1	8	11	12	12	2	7
C[T>C]C	8	12	11	18	5	13	14	11	8	21	21	21	20	29	15	28	13	41	4	18	47	26	15	16	43	18	11	17	0	9	13	14	24	17	11	13	22	17	24	5	10	3	19	11	9	13	19	10	9	3	14	25	44	15	12	12	5	7	9	5	16	3	2	8	0	23	20	20	3	7	8	6	14	12	11	9	3	5	11	9	9	13	4	9	5	23	7	12	0	20	11	51	3	11	0	22	3	3	26	14	14	18	9	19	9	11	13	27	1	11	4	6	8	14	28	22	2	3	11	32	9	4	9	7	8	23	7	8	8	58	7	13	9	9	3	3	12	16	9	0	5
C[T>C]G	10	14	5	17	5	11	17	17	6	15	14	10	11	36	10	28	13	23	11	18	27	12	17	10	19	11	3	21	2	6	13	11	20	9	2	8	12	11	22	2	17	8	15	21	7	4	9	3	5	5	4	21	25	12	7	5	4	7	6	3	11	7	3	4	3	18	16	9	3	4	3	4	8	19	10	7	6	2	9	10	16	14	8	9	4	17	3	9	0	15	5	40	0	11	0	9	3	0	20	11	5	17	4	10	6	7	10	8	3	2	1	6	7	7	19	22	8	3	6	31	6	1	3	10	7	14	4	4	7	34	2	5	8	5	1	6	9	12	5	1	7
C[T>C]T	8	23	11	18	7	25	18	18	4	14	21	22	18	24	14	40	7	33	17	30	25	29	15	8	15	27	15	18	1	10	15	8	21	7	8	15	23	11	25	6	11	4	14	12	13	4	11	8	1	16	8	24	35	11	13	8	8	8	6	9	12	7	4	3	4	10	9	13	2	6	3	6	16	15	19	14	8	3	14	3	13	13	11	13	1	21	4	18	2	23	6	49	3	12	0	18	2	1	29	29	9	14	9	18	9	8	13	27	1	6	2	6	8	15	26	32	4	4	6	37	7	6	8	10	7	21	4	3	8	38	5	7	9	5	3	13	13	15	6	3	3
C[T>G]A	0	7	2	0	1	4	0	2	0	2	4	2	2	11	4	11	3	5	1	3	20	13	4	2	2	4	0	7	1	0	5	4	1	2	0	3	1	1	6	1	3	0	2	0	0	1	2	2	0	3	0	2	3	3	3	2	2	0	2	0	1	0	1	0	0	1	4	1	0	2	2	2	3	3	3	0	3	0	7	1	2	3	3	1	0	9	3	1	0	1	1	6	1	5	0	1	0	0	6	2	1	2	1	4	2	1	1	4	0	2	1	4	2	3	7	7	3	0	5	6	0	0	0	3	3	4	2	1	3	7	2	0	0	7	0	3	2	5	3	0	0
C[T>G]C	2	4	2	0	0	4	8	4	0	4	7	5	9	6	6	9	4	7	2	2	13	9	6	5	2	5	1	3	0	0	3	3	5	1	0	6	5	2	4	2	6	2	10	5	7	3	4	2	0	0	3	1	5	4	4	1	2	1	2	0	2	0	0	0	1	7	1	4	0	2	1	2	3	2	6	2	1	1	1	1	1	2	6	3	1	4	1	1	0	2	8	6	0	1	0	3	1	0	3	3	0	2	4	9	4	7	2	8	1	2	2	0	1	1	2	6	2	2	1	16	2	4	1	0	4	6	1	0	1	13	1	1	1	2	2	2	3	3	2	0	1
C[T>G]G	4	6	6	8	3	7	7	5	4	16	8	4	7	13	3	17	5	8	3	8	11	17	9	5	10	13	2	11	0	2	1	4	6	3	5	6	8	1	2	3	3	2	4	4	2	5	6	1	2	2	13	5	9	1	6	1	2	1	4	1	4	0	1	0	3	7	5	10	4	2	2	2	7	1	3	3	3	3	5	5	5	3	5	8	2	11	0	4	0	5	2	15	0	4	1	5	2	2	7	6	0	7	4	8	4	6	6	6	2	2	1	1	5	1	9	13	3	3	5	20	3	1	0	3	3	3	0	0	0	22	1	3	0	5	2	2	1	9	3	1	4
C[T>G]T	1	10	7	4	2	7	4	3	7	5	8	9	5	9	7	14	6	16	7	16	16	12	8	5	5	11	5	6	0	2	3	7	10	4	6	2	8	2	5	4	5	1	9	2	3	4	9	1	1	0	4	5	13	4	5	5	2	1	4	5	4	0	2	2	1	11	4	5	4	6	1	6	4	9	5	3	2	0	5	3	4	3	6	8	1	15	2	3	0	5	2	8	1	6	1	1	1	0	10	4	1	4	5	12	10	4	3	8	2	3	2	3	0	9	5	17	2	2	5	24	1	2	1	2	4	5	1	0	3	26	0	1	2	4	1	5	3	6	7	0	1
G[C>A]A	28	36	11	35	12	54	41	24	14	35	30	21	44	42	22	50	10	56	25	27	44	31	27	9	25	18	15	28	1	10	10	9	44	14	10	15	13	20	22	9	12	6	37	18	20	7	20	6	4	21	7	13	24	21	14	9	9	8	31	7	17	9	9	7	2	35	9	30	4	7	6	16	29	32	19	15	14	4	12	7	9	50	15	21	6	36	6	18	1	19	9	70	5	63	1	10	4	2	38	13	5	32	12	22	16	17	47	25	3	4	8	18	6	11	41	57	1	11	19	149	8	8	8	29	10	20	6	11	8	61	5	12	15	18	3	16	11	16	53	4	18
G[C>A]C	17	32	7	20	9	18	18	13	9	28	20	16	18	35	18	67	10	37	16	13	43	27	25	7	26	20	7	16	2	7	7	6	19	6	0	6	10	3	24	3	14	2	11	11	15	14	14	6	2	8	6	7	20	9	9	8	3	6	13	6	7	1	2	6	0	24	13	11	4	8	11	11	8	12	7	8	8	3	20	6	8	15	7	9	2	36	5	17	0	18	10	43	5	14	2	11	2	1	24	11	2	19	2	22	9	6	8	12	6	1	1	4	5	7	20	22	1	4	4	44	5	2	1	4	6	11	5	2	10	24	1	2	7	4	2	5	12	13	11	5	4
G[C>A]G	6	8	1	4	3	8	7	3	4	8	2	6	11	5	4	13	3	7	3	2	6	4	4	1	3	6	0	3	0	0	3	2	6	2	0	2	4	4	6	2	2	0	8	3	7	2	1	0	2	6	0	3	2	5	0	3	0	2	5	3	1	0	3	1	0	3	2	2	1	0	0	3	1	7	2	2	3	2	4	2	1	4	0	4	1	6	2	4	0	6	2	9	2	1	1	2	1	0	2	0	6	2	3	7	1	2	1	2	1	2	1	5	1	0	4	5	1	2	5	19	2	2	1	1	4	7	1	1	1	4	1	3	3	2	1	2	2	2	7	1	1
G[C>A]T	14	24	8	17	11	28	18	13	7	16	21	17	26	17	13	35	14	24	14	18	42	29	26	7	32	18	8	27	4	7	8	6	20	11	9	13	11	10	18	4	11	3	27	12	7	8	8	8	5	7	16	3	24	12	11	10	9	3	22	6	7	11	9	4	2	20	7	16	2	6	6	12	12	15	5	14	8	3	16	7	10	33	12	15	7	33	8	19	0	21	5	45	5	56	1	9	4	1	31	16	9	20	7	17	11	10	19	15	7	4	6	11	4	8	31	35	4	5	12	104	7	5	5	19	8	16	3	12	10	61	8	5	10	19	1	10	10	14	46	1	12
G[C>G]A	4	10	1	4	4	8	5	4	2	9	2	8	9	16	5	10	6	11	1	5	47	10	9	6	11	5	5	8	0	3	5	3	11	20	5	6	6	6	4	1	7	2	9	4	3	3	6	7	2	11	2	15	20	6	8	0	2	2	0	1	10	3	3	4	0	18	9	3	2	3	6	2	3	11	8	9	2	2	3	5	2	11	8	4	0	8	7	3	1	13	1	17	0	3	0	5	1	3	15	5	6	4	8	8	6	2	5	6	0	5	1	2	2	10	11	7	2	6	9	24	5	2	4	1	4	24	8	3	10	21	2	7	8	6	0	8	4	8	5	1	2
G[C>G]C	5	5	3	4	3	7	4	6	4	8	15	7	4	11	5	10	6	11	3	12	28	10	14	5	17	9	2	11	1	3	6	1	8	17	3	5	2	4	12	3	11	5	14	5	5	5	6	3	2	5	5	8	18	9	3	4	3	2	5	3	7	3	1	3	1	18	5	6	8	1	4	3	4	6	3	7	3	2	9	0	8	10	4	3	2	3	3	5	0	9	2	15	2	6	2	7	1	1	11	4	5	4	9	23	9	2	5	8	0	3	0	4	0	5	7	12	0	2	3	23	1	2	2	2	5	10	10	2	1	15	4	3	7	6	1	5	4	9	2	1	4
G[C>G]G	3	2	4	3	0	2	1	3	0	4	5	2	1	4	0	6	3	3	0	4	10	3	2	1	6	4	0	2	0	2	1	1	2	2	0	1	3	0	3	1	4	1	0	1	2	0	0	2	0	2	2	5	1	1	1	2	1	2	0	0	4	0	1	3	0	3	3	3	0	2	2	0	2	2	2	1	3	1	5	2	1	2	2	1	0	3	2	2	0	4	5	1	0	2	0	3	2	0	2	4	2	3	1	4	1	3	2	4	0	0	0	2	0	2	1	4	1	1	0	3	0	1	2	1	2	3	2	0	0	10	0	1	0	2	0	0	1	0	2	2	0
G[C>G]T	6	10	3	3	1	5	2	2	1	4	8	5	6	12	6	20	2	8	6	3	27	8	12	7	11	11	3	10	2	4	8	7	11	5	3	5	8	3	6	2	4	4	8	2	6	1	12	8	2	2	6	10	18	4	7	4	2	1	1	1	9	3	3	1	0	19	5	6	4	4	2	2	4	8	8	5	3	0	12	1	7	7	3	4	0	12	2	13	0	7	4	29	0	8	1	4	0	0	14	5	3	5	3	20	5	6	9	11	2	2	1	4	2	7	21	8	1	2	9	24	2	1	3	9	3	30	3	1	5	25	6	5	3	7	4	5	6	7	4	3	1
G[C>T]A	35	54	28	46	27	49	52	36	14	35	58	41	56	60	25	79	22	88	33	56	94	73	49	25	35	22	13	28	1	9	6	18	19	17	13	21	15	11	46	16	18	12	15	29	37	19	14	15	5	8	14	34	16	19	17	6	8	6	17	9	22	6	7	7	1	41	21	24	18	13	7	15	12	29	12	13	14	13	19	8	20	24	16	18	12	23	8	22	2	22	11	41	6	16	2	10	6	1	19	10	16	21	10	48	15	14	35	20	7	10	8	21	5	19	27	38	6	3	18	49	12	6	10	16	16	19	12	9	14	42	6	11	12	20	7	17	12	30	18	5	9
G[C>T]C	43	59	21	44	28	95	73	66	25	40	50	53	63	59	41	101	38	105	47	91	84	81	68	27	57	16	14	16	3	12	16	26	13	18	14	11	8	13	33	19	19	11	20	43	45	34	14	19	6	9	8	28	19	22	15	15	7	15	15	5	20	8	5	11	3	44	19	26	13	10	9	25	15	39	16	23	12	6	28	8	13	22	14	21	9	27	7	27	2	27	10	50	4	26	1	6	5	6	12	12	20	14	6	51	15	15	23	22	6	6	9	13	3	21	23	45	5	6	17	57	12	6	6	10	16	25	17	6	25	42	10	8	9	17	7	21	11	27	19	7	9
G[C>T]G	202	226	62	256	124	299	196	153	77	140	178	169	247	279	145	219	153	325	166	229	191	279	246	62	190	39	70	62	16	22	27	69	51	47	35	45	41	50	113	64	72	28	40	158	134	95	40	45	10	64	56	96	34	75	52	43	35	52	83	21	65	30	29	30	18	79	37	106	35	48	26	91	30	106	47	51	110	25	79	31	65	89	60	84	47	78	19	99	8	132	40	191	33	69	6	34	24	7	43	44	36	86	36	90	50	69	99	67	31	29	27	39	12	68	81	136	30	27	28	198	43	25	32	64	63	54	34	36	60	89	42	34	59	45	17	41	20	76	84	29	30
G[C>T]T	44	53	24	47	17	70	48	50	22	44	42	43	51	52	32	107	31	103	31	74	85	82	41	30	33	16	15	24	1	11	17	18	15	20	7	20	17	15	29	14	27	5	19	39	35	21	13	20	6	8	17	19	26	12	15	14	9	12	21	6	11	7	4	6	0	27	16	19	14	11	8	24	17	33	12	19	10	6	30	6	12	24	23	13	4	20	12	28	1	28	7	56	7	15	1	15	5	3	24	16	16	21	6	46	23	19	34	24	6	8	9	9	5	31	28	43	6	6	24	48	11	5	11	13	11	24	8	2	22	41	8	9	15	17	5	15	14	33	26	10	10
G[T>A]A	5	13	7	6	4	4	6	2	1	13	11	6	6	10	2	14	3	16	4	7	10	15	8	5	11	7	2	8	0	4	7	1	5	0	4	4	14	3	5	1	4	1	3	3	4	1	2	1	1	2	5	1	13	2	0	2	1	2	2	3	3	4	0	2	0	7	6	4	2	1	4	0	5	3	2	2	4	3	3	3	4	3	3	5	3	12	0	2	0	6	1	19	0	2	0	2	3	0	14	6	1	4	1	6	2	0	1	9	0	1	1	2	1	1	15	10	1	8	7	9	1	1	0	1	1	5	4	0	2	31	1	2	4	3	0	1	3	4	0	1	2
G[T>A]C	3	7	4	2	2	5	4	3	3	5	3	5	10	11	3	6	1	15	2	4	8	9	4	4	7	5	4	7	0	1	2	2	10	6	0	2	4	2	9	2	5	1	0	5	5	2	7	0	0	1	1	6	8	0	3	3	3	0	0	2	5	1	3	1	0	7	3	3	0	0	1	2	7	4	2	4	2	0	6	2	1	7	0	2	1	24	2	3	1	8	0	24	0	4	1	8	3	1	9	3	2	4	3	10	3	1	7	5	0	0	0	4	1	2	7	5	2	4	2	10	3	0	3	1	2	12	2	1	1	17	1	3	1	2	1	5	2	2	1	0	3
G[T>A]G	5	12	9	8	1	6	5	3	5	12	6	6	14	15	4	12	0	16	4	5	12	17	7	4	5	5	2	7	0	3	4	4	13	0	4	2	6	4	7	1	8	0	4	4	5	5	5	1	2	1	5	5	17	9	5	3	1	3	4	2	0	0	1	1	0	3	7	4	4	0	1	3	7	2	1	3	1	0	2	2	9	5	4	6	1	11	1	4	0	7	4	23	1	2	0	6	1	0	8	4	4	1	1	8	5	5	2	5	2	2	0	3	0	6	12	6	4	2	11	11	2	2	1	3	2	4	3	0	1	28	2	3	1	6	0	3	7	5	5	0	3
G[T>A]T	6	10	9	11	2	7	6	9	4	26	7	17	21	20	1	33	6	28	5	7	8	27	9	2	6	21	6	11	0	4	3	3	15	6	3	2	11	4	6	3	7	1	11	3	5	4	14	2	1	4	8	3	18	4	8	4	1	1	3	1	7	1	0	1	3	16	8	13	1	3	2	4	12	4	3	1	3	2	7	1	3	11	6	8	0	33	2	3	0	12	6	39	1	5	1	10	0	1	28	19	1	2	3	7	8	2	3	11	2	2	1	2	2	8	19	12	1	4	7	25	1	3	2	4	2	0	2	3	3	32	2	4	4	6	1	4	14	4	5	1	5
G[T>C]A	22	30	14	24	26	26	27	23	10	20	33	16	35	34	23	55	28	47	14	29	44	44	16	11	33	20	8	21	2	6	7	10	15	15	9	8	19	16	33	9	15	3	15	24	17	15	12	11	1	15	10	24	19	11	16	8	9	7	13	5	10	8	5	5	1	22	14	10	11	5	9	12	9	22	15	12	8	4	12	4	14	15	12	14	1	14	7	14	1	21	8	52	4	9	0	13	5	1	23	10	16	14	6	17	21	17	15	22	2	3	3	9	4	12	19	29	2	4	12	34	7	5	3	8	11	14	6	3	9	42	5	7	11	14	2	9	11	20	11	4	7
G[T>C]C	11	21	6	17	9	26	21	11	4	23	18	16	13	21	8	21	13	41	10	25	19	29	14	15	39	20	5	19	2	9	10	16	7	12	10	6	11	11	29	1	21	15	10	14	11	7	12	11	5	7	6	25	19	11	15	9	13	9	9	5	13	7	4	6	2	16	9	17	7	3	5	6	15	5	9	7	9	3	8	5	7	9	6	7	3	17	3	12	0	10	8	31	2	5	1	12	9	1	18	3	11	20	3	20	14	12	10	26	4	0	0	7	3	12	24	31	7	9	9	20	8	6	9	6	9	20	8	3	11	36	6	10	7	9	1	6	7	11	12	4	4
G[T>C]G	11	18	16	20	8	22	23	12	6	14	17	14	19	17	8	20	16	36	5	15	27	21	16	8	27	13	5	14	2	4	10	12	15	9	7	9	13	8	30	5	10	3	8	8	8	5	4	4	3	10	8	9	14	4	9	12	9	4	9	3	10	7	3	4	2	12	9	17	4	8	10	3	9	16	13	8	4	6	11	4	13	16	2	12	4	19	4	9	0	12	9	33	1	4	0	7	1	1	13	11	9	16	3	18	8	8	5	13	1	8	1	2	3	15	22	20	2	6	12	34	4	7	2	11	6	13	2	0	2	35	5	4	3	5	4	6	5	22	8	3	4
G[T>C]T	18	30	17	25	13	34	35	27	22	16	26	15	24	29	14	48	21	50	12	40	46	41	20	17	38	27	16	19	4	14	8	13	12	11	13	17	18	17	55	5	26	8	14	14	14	9	24	11	4	4	10	13	37	15	19	8	11	9	11	8	12	10	2	9	3	25	19	22	6	10	9	8	17	15	16	11	8	0	26	3	19	21	21	8	4	18	5	14	2	22	14	59	4	16	0	11	2	4	24	14	12	16	12	32	13	19	18	28	3	3	6	8	5	16	36	30	2	3	14	36	10	5	7	13	14	11	9	5	9	45	4	11	18	16	6	10	11	24	13	6	6
G[T>G]A	2	2	0	4	1	4	2	2	0	7	3	3	1	3	0	10	4	8	2	4	10	4	3	0	13	3	1	4	0	0	0	1	4	2	0	1	5	1	1	1	2	2	2	1	2	0	2	0	0	2	0	5	4	2	2	0	2	0	0	0	4	2	0	0	0	3	1	2	1	1	1	3	4	0	2	1	1	0	0	2	1	2	0	1	0	4	1	2	0	2	0	7	2	2	0	5	0	1	3	4	3	1	0	5	3	1	3	3	0	2	0	0	1	1	1	5	1	0	2	6	3	0	1	0	3	4	0	0	1	7	2	2	2	2	0	1	1	3	3	2	0
G[T>G]C	2	4	2	3	2	6	1	1	0	4	3	1	3	1	1	5	1	5	1	2	6	5	1	2	11	3	5	3	1	2	0	1	1	1	4	1	2	1	1	0	1	0	0	0	3	1	1	2	0	3	3	1	6	1	0	0	0	3	0	1	1	0	0	1	0	5	2	4	0	1	2	1	1	4	0	1	0	0	3	1	2	1	1	2	0	5	0	0	0	3	0	4	1	4	1	3	1	0	4	0	1	2	1	1	0	2	0	1	0	1	0	0	1	1	4	3	0	1	2	7	1	1	2	3	0	2	0	0	0	6	0	0	2	1	1	0	1	2	1	0	2
G[T>G]G	7	12	8	6	2	8	0	11	4	10	4	9	9	9	12	22	6	13	3	11	9	11	6	3	26	18	3	9	4	7	7	5	10	1	4	4	9	6	4	3	2	3	4	1	3	8	10	4	0	2	6	4	10	6	7	6	5	3	4	3	8	2	1	1	2	3	6	14	1	8	19	2	24	15	6	3	2	5	19	16	18	13	9	11	4	21	5	3	1	9	6	18	0	2	3	5	8	16	14	9	4	14	3	8	5	7	5	6	1	1	3	3	5	3	11	4	1	2	11	6	7	1	7	1	1	3	2	2	3	26	0	4	1	2	4	1	3	3	9	2	1
G[T>G]T	6	8	3	6	6	9	7	5	3	4	12	5	8	11	7	11	6	12	3	10	11	11	2	6	3	5	0	3	0	3	5	1	4	6	4	3	6	2	2	2	4	1	2	5	4	0	6	3	0	2	4	4	8	4	4	2	2	1	2	1	2	0	1	4	0	5	7	4	1	2	3	1	7	9	4	1	2	1	4	2	5	10	3	6	1	9	5	2	0	2	2	10	0	5	1	3	2	3	10	4	2	4	4	5	4	5	5	6	0	4	2	2	3	4	4	4	0	4	3	11	0	1	4	1	1	4	1	1	1	13	0	1	0	1	2	2	3	8	6	1	3
T[C>A]A	44	56	18	30	28	66	37	36	11	41	37	33	45	63	33	84	29	82	37	50	60	60	37	23	35	19	14	34	2	10	6	8	21	14	8	12	19	15	33	11	26	10	27	29	29	14	20	12	8	20	18	27	28	28	20	17	8	14	28	5	24	8	10	8	1	35	11	26	7	7	13	22	21	27	11	20	17	6	16	16	11	53	19	17	2	42	7	31	0	28	12	65	2	60	1	21	3	5	35	18	18	38	10	20	16	8	29	31	9	20	5	14	5	19	30	52	10	7	15	81	8	3	7	19	9	41	8	13	13	58	8	20	14	22	7	14	16	20	42	4	17
T[C>A]C	30	48	11	36	14	40	28	30	11	48	42	32	30	34	27	67	24	66	31	35	37	46	53	9	32	28	12	22	3	7	8	8	15	10	6	6	9	13	38	5	29	6	15	29	24	24	17	7	6	8	8	10	18	19	13	4	3	6	13	3	19	8	6	7	0	26	14	18	3	12	4	22	14	19	15	7	4	1	14	9	12	15	15	9	2	40	4	18	2	28	4	51	1	30	1	11	4	4	20	10	17	17	5	38	19	5	25	26	7	9	3	12	3	9	20	41	4	9	10	69	6	6	6	11	7	21	7	3	12	59	6	10	3	8	3	7	18	14	19	6	11
T[C>A]G	8	17	3	9	10	9	9	3	4	2	9	10	10	13	4	9	6	12	5	11	11	6	7	3	5	2	1	5	3	1	2	3	1	2	0	3	1	2	7	1	4	0	3	7	6	5	4	0	0	1	0	4	6	9	2	3	2	0	5	0	2	3	0	2	0	2	4	6	1	2	0	2	0	5	0	4	1	0	4	0	1	3	6	3	2	5	0	5	1	1	1	0	1	9	0	5	0	0	6	0	5	3	1	2	5	3	7	3	2	0	1	3	2	1	3	7	2	1	5	18	3	4	3	4	1	5	5	2	2	7	0	5	1	4	0	3	0	7	2	1	2
T[C>A]T	42	83	20	62	35	76	62	44	21	52	58	42	61	74	35	98	45	108	44	72	69	83	55	26	46	29	33	42	1	16	14	16	46	24	12	26	25	23	36	17	30	14	65	52	39	26	36	23	10	21	22	30	33	59	40	21	9	17	48	12	32	13	14	13	3	51	21	46	16	8	10	26	31	65	24	28	17	7	18	16	12	84	26	40	7	64	13	49	2	42	12	118	8	112	1	24	3	7	47	25	16	50	14	49	48	27	39	42	8	15	5	22	13	29	59	95	9	18	19	186	13	7	16	34	17	41	8	16	23	101	10	19	33	25	4	26	23	32	68	10	22
T[C>G]A	5	13	3	11	4	12	9	5	1	7	11	6	15	17	15	29	4	17	5	9	30	11	12	10	17	9	5	15	3	5	17	12	11	13	4	9	10	7	15	3	14	6	10	5	6	4	11	8	2	6	7	20	26	3	3	2	2	10	3	2	8	3	1	6	1	16	6	7	3	4	4	1	19	17	9	9	0	2	7	7	4	9	9	5	2	9	3	2	0	5	5	23	1	9	0	7	0	1	20	11	14	6	4	15	8	4	14	19	2	11	2	5	4	4	13	20	1	3	12	38	4	1	4	2	7	60	13	2	6	47	1	8	3	7	1	7	9	12	5	2	1
T[C>G]C	2	14	6	10	6	9	10	7	2	9	10	6	9	17	12	24	10	28	4	8	17	14	14	7	10	5	4	17	3	7	9	8	17	5	3	8	11	8	15	4	13	4	13	12	5	2	13	10	1	5	1	14	44	10	13	8	2	3	4	4	11	4	4	8	1	16	9	10	8	3	1	9	5	9	13	8	0	0	15	1	2	4	7	3	0	11	1	8	1	14	4	19	2	3	0	8	2	2	19	2	6	3	6	24	8	5	10	17	3	6	3	8	4	6	24	24	1	3	9	26	5	4	8	5	3	24	5	1	11	49	2	3	3	9	2	3	8	16	3	2	7
T[C>G]G	1	5	2	1	0	3	2	3	0	3	2	2	3	5	5	7	1	3	5	3	3	4	1	6	3	4	1	6	0	1	1	4	4	5	3	0	1	4	2	0	3	1	2	2	1	0	1	3	1	6	1	4	7	1	3	2	3	2	1	3	4	1	1	0	0	4	4	1	4	2	2	1	1	2	1	1	1	0	3	0	4	3	1	2	0	3	0	0	0	4	1	3	0	1	0	0	2	0	5	2	2	2	3	6	3	3	3	1	1	1	1	1	3	1	1	5	0	1	1	6	0	1	1	0	2	11	3	0	2	8	0	0	1	3	0	1	1	2	0	0	2
T[C>G]T	15	16	10	12	4	16	20	11	7	13	22	21	20	20	11	42	16	22	14	21	32	22	18	12	23	31	5	19	6	9	10	10	19	34	1	22	27	12	16	1	22	7	21	14	9	12	23	13	3	11	6	23	44	19	19	8	3	12	5	3	20	5	7	6	1	39	14	22	4	4	2	12	13	14	8	12	8	2	18	5	17	17	8	10	2	18	6	17	0	19	9	46	1	20	1	20	1	1	35	17	16	16	11	42	17	11	21	19	4	5	1	9	4	18	26	34	7	6	18	54	7	3	8	8	3	16	17	3	12	78	4	12	10	13	5	9	14	18	3	4	4
T[C>T]A	28	45	19	44	22	52	48	50	29	39	45	56	42	63	29	81	34	112	27	65	79	70	51	31	41	24	19	21	2	13	16	22	18	19	15	22	25	15	51	8	29	10	24	29	33	20	21	20	7	12	13	26	24	21	25	8	7	11	11	7	17	7	12	8	5	36	15	30	11	12	13	27	15	23	20	15	10	4	33	3	19	22	15	19	7	24	10	17	0	32	13	59	8	19	5	15	3	3	24	16	15	41	12	33	20	21	33	29	3	14	7	11	2	23	24	40	4	6	13	56	12	11	8	17	20	18	8	9	15	87	6	9	14	24	4	19	10	33	22	7	11
T[C>T]C	43	54	14	57	23	63	70	42	23	39	64	58	63	62	43	87	25	119	41	71	83	90	59	17	31	17	12	16	0	9	13	17	17	19	15	17	17	20	37	18	29	12	22	31	42	26	16	12	5	14	10	27	26	18	21	8	9	11	16	5	23	7	10	18	6	41	19	17	11	11	13	18	24	41	20	12	13	6	28	6	26	21	19	25	5	33	16	19	0	32	14	65	6	22	1	14	7	3	23	12	18	23	9	67	26	14	26	28	4	6	7	5	6	22	32	41	11	2	19	55	16	8	13	8	16	15	7	8	18	46	9	8	15	21	5	15	9	23	29	7	9
T[C>T]G	129	97	44	120	92	175	117	88	62	77	104	121	139	146	84	147	103	243	117	151	101	175	130	39	98	22	54	30	11	11	21	28	35	32	24	36	29	32	70	37	46	18	28	93	90	64	21	26	9	31	31	34	31	35	21	21	18	21	44	13	30	17	15	19	8	52	19	55	21	29	17	51	30	47	22	39	68	20	39	16	28	41	27	53	21	45	11	46	3	93	16	119	24	47	4	23	19	7	36	23	19	54	27	57	30	33	39	52	13	16	23	27	11	40	47	68	21	10	25	109	26	19	22	29	31	31	25	15	21	46	35	22	33	27	9	23	17	37	49	22	23
T[C>T]T	44	65	19	50	22	73	49	51	19	43	53	55	67	77	49	125	29	120	29	67	86	70	61	15	40	33	13	34	0	15	18	15	26	18	8	15	15	21	44	3	33	9	22	35	40	26	21	19	6	16	17	32	34	26	11	11	16	6	12	11	22	18	14	13	7	31	22	24	6	13	23	22	33	45	25	13	18	3	28	10	28	40	20	16	8	41	12	19	1	41	16	69	5	22	3	33	7	4	30	20	13	40	21	44	22	29	33	29	4	9	7	20	8	26	34	50	5	6	23	58	7	5	16	17	18	22	20	8	13	104	9	18	11	17	9	17	17	31	14	4	6
T[T>A]A	20	50	6	28	12	24	22	18	6	27	27	16	29	35	24	48	24	62	20	30	34	50	29	15	38	18	8	21	3	16	9	2	20	8	6	8	17	12	36	7	22	1	23	18	22	11	13	12	6	10	10	22	27	19	10	10	9	6	12	1	6	7	6	7	2	17	17	13	7	1	4	10	17	15	10	22	7	2	8	9	11	19	13	15	6	25	9	11	1	26	7	53	1	19	0	12	3	1	37	18	5	18	12	16	11	8	20	16	2	13	3	12	4	13	27	29	7	5	10	36	6	5	7	14	6	14	8	7	10	53	5	12	12	8	4	10	7	16	18	2	11
T[T>A]C	12	21	8	14	5	8	8	12	3	16	14	16	8	23	8	31	7	24	5	11	26	32	9	3	12	11	4	18	0	4	4	1	15	7	3	6	12	4	15	0	9	2	6	6	5	4	9	5	0	3	11	7	14	7	9	6	2	5	2	2	4	7	3	0	2	11	7	12	1	1	3	4	14	8	11	2	5	1	5	4	3	5	3	7	1	21	1	3	0	9	4	44	2	7	0	7	2	1	16	9	3	7	2	14	8	3	12	9	2	4	2	6	4	10	16	20	1	4	4	18	5	1	2	4	4	5	1	1	4	39	0	5	3	10	3	0	4	2	3	0	2
T[T>A]G	3	18	7	4	1	8	9	5	1	6	11	6	9	11	7	24	2	20	3	6	11	9	11	4	4	10	4	14	3	6	6	1	9	4	3	3	3	5	6	0	6	2	5	3	7	3	6	1	2	6	8	4	9	1	1	3	2	3	2	1	4	3	0	1	1	14	4	4	3	2	1	3	7	2	4	6	4	0	1	1	7	7	4	3	0	16	1	4	0	9	2	30	0	6	0	4	0	0	12	12	0	5	5	4	2	3	5	15	2	3	0	5	3	2	13	10	1	2	7	11	3	1	1	2	4	6	2	0	3	16	2	4	4	5	1	4	7	11	4	1	2
T[T>A]T	20	35	11	26	13	27	24	14	15	26	29	17	44	31	16	62	20	67	20	24	40	44	22	8	45	30	11	23	0	8	3	8	34	10	8	10	18	9	31	7	25	8	14	19	20	16	36	8	3	6	13	13	27	1	10	9	8	3	12	5	9	6	6	3	2	31	22	27	3	12	7	15	32	22	15	16	5	5	9	8	5	18	12	13	4	50	6	18	3	36	14	83	3	19	1	20	3	1	40	25	6	15	6	19	9	8	17	21	4	13	3	14	16	25	41	41	3	6	19	54	12	4	6	3	5	18	1	7	10	76	1	9	8	16	6	12	16	16	10	3	6
T[T>C]A	16	27	20	25	4	33	18	21	11	12	24	18	31	29	17	47	22	46	17	35	48	61	13	21	31	20	6	25	2	7	14	8	18	17	7	14	24	23	41	6	26	9	16	16	15	8	12	13	4	12	8	24	25	18	15	9	8	7	10	3	11	9	6	5	2	24	31	21	2	6	8	11	20	26	9	18	11	1	19	9	15	12	13	12	3	21	2	15	0	19	12	51	1	6	0	14	3	2	30	6	11	16	11	31	20	17	12	25	6	10	4	11	10	12	17	21	3	5	13	51	8	6	10	11	10	13	9	4	11	33	6	10	11	8	4	11	15	21	16	4	7
T[T>C]C	11	31	18	14	13	24	24	16	7	17	19	28	24	32	12	38	11	50	19	32	27	29	17	22	36	26	9	34	4	16	7	13	30	23	12	15	33	15	51	6	29	9	16	22	19	6	21	19	7	6	7	51	39	21	18	16	14	5	11	9	19	13	17	7	0	30	33	31	8	10	5	7	20	29	21	15	9	4	29	11	16	15	16	15	1	19	8	13	1	15	6	60	2	11	2	26	3	3	39	8	30	21	10	30	23	12	27	29	1	9	3	13	6	24	42	43	2	6	12	58	10	5	9	10	12	25	12	6	10	72	4	16	12	16	3	18	12	27	8	4	7
T[T>C]G	8	16	9	13	7	20	17	15	4	10	12	11	15	23	11	14	14	29	8	25	25	28	11	4	18	11	4	24	0	3	4	11	11	12	5	7	15	6	18	7	15	5	10	12	10	5	6	12	3	3	6	9	16	6	10	5	7	5	10	3	4	6	2	8	0	21	10	14	5	8	6	3	13	14	8	8	6	1	12	1	6	11	7	6	4	11	6	6	1	8	7	31	4	7	0	11	4	0	12	4	8	6	0	15	9	7	9	24	0	2	2	5	7	13	14	22	5	3	7	33	7	3	4	1	7	16	4	2	5	21	3	10	5	8	0	6	3	14	2	2	2
T[T>C]T	25	32	16	40	14	39	32	37	12	27	35	29	38	24	22	50	17	63	23	37	43	62	36	16	36	26	13	21	8	11	16	14	18	18	11	12	25	21	38	4	37	9	20	18	17	15	22	11	4	26	15	26	34	21	22	10	13	9	13	5	24	9	8	5	3	25	19	32	14	14	10	11	27	27	17	17	15	2	21	12	26	20	12	18	3	34	13	28	0	31	15	70	4	23	1	26	1	6	39	18	22	21	9	46	27	19	29	35	7	12	7	12	8	15	46	55	4	12	16	61	15	8	9	12	20	35	13	4	11	51	6	12	9	27	5	10	11	28	15	6	6
T[T>G]A	8	9	3	6	3	9	10	7	1	7	9	12	11	15	4	17	7	17	7	4	15	10	4	11	10	8	3	7	0	1	3	4	6	3	3	3	13	3	9	4	3	3	5	5	5	5	10	2	0	2	6	13	3	3	7	3	0	3	3	3	7	3	1	2	0	10	5	4	2	2	3	4	8	6	6	4	1	2	6	1	1	5	7	4	2	7	3	4	0	16	5	11	3	2	0	10	2	0	9	3	1	5	4	10	5	4	5	10	0	5	0	5	2	6	10	9	0	4	8	8	3	3	3	4	2	10	2	0	2	19	0	3	2	7	0	3	3	5	1	1	1
T[T>G]C	5	7	3	7	10	11	7	3	4	4	4	4	15	5	7	12	5	16	6	9	12	8	7	4	10	10	3	4	1	3	5	7	4	3	2	2	4	6	5	1	2	1	5	4	4	5	2	4	0	0	2	4	11	3	6	3	3	0	3	0	1	1	0	1	0	7	6	3	1	6	1	3	3	3	2	5	1	1	0	1	3	4	1	2	0	9	3	2	0	7	1	10	1	6	0	7	0	2	14	2	1	5	2	8	2	4	8	7	0	2	2	1	0	4	7	10	0	0	3	3	3	0	1	0	2	8	0	1	1	18	0	2	2	6	0	3	3	6	1	3	0
T[T>G]G	2	9	12	5	1	7	11	5	2	10	10	11	11	14	4	14	6	26	5	7	23	14	5	5	13	8	5	14	1	4	3	0	7	6	4	5	15	5	5	4	4	3	3	7	7	4	11	3	2	4	5	6	13	0	6	4	4	2	3	1	5	7	5	2	1	10	9	4	4	1	3	0	8	7	5	5	5	1	7	4	5	4	6	4	1	15	2	3	1	10	2	28	1	5	0	3	1	2	12	11	1	3	1	8	4	7	7	15	0	2	0	8	4	3	9	13	3	1	3	18	2	1	2	2	0	6	1	0	3	18	2	3	2	2	0	3	8	4	8	1	3
T[T>G]T	10	25	12	21	9	26	16	15	12	16	24	13	25	27	16	38	10	44	16	22	22	30	22	12	19	13	6	17	1	9	7	8	18	6	5	8	21	14	18	7	20	3	16	12	10	6	8	10	3	8	6	15	23	17	8	5	5	3	6	3	8	3	7	5	0	24	4	15	7	2	5	8	18	15	8	9	8	2	10	5	7	14	5	13	2	24	6	11	0	16	9	28	2	12	0	13	4	1	24	9	6	8	5	10	12	15	14	13	5	10	2	7	4	14	19	31	2	5	18	44	4	3	8	11	9	17	7	4	4	41	6	8	3	14	3	5	8	15	20	1	1
