Type	COAD-US_SP119755	COAD-US_SP16886	COAD-US_SP16934	COAD-US_SP16958	COAD-US_SP17016	COAD-US_SP17294	COAD-US_SP17329	COAD-US_SP17430	COAD-US_SP17905	COAD-US_SP18121	COAD-US_SP18787	COAD-US_SP18946	COAD-US_SP19215	COAD-US_SP19295	COAD-US_SP19582	COAD-US_SP19606	COAD-US_SP19670	COAD-US_SP19750	COAD-US_SP19983	COAD-US_SP20993	COAD-US_SP21057	COAD-US_SP21193	COAD-US_SP21400	COAD-US_SP21528	COAD-US_SP22031	COAD-US_SP22750	COAD-US_SP23078	COAD-US_SP96110	COAD-US_SP96112	COAD-US_SP96114	COAD-US_SP96116	COAD-US_SP96118	COAD-US_SP96120	COAD-US_SP96122	COAD-US_SP96124	COAD-US_SP96126	COAD-US_SP96129	READ-US_SP80271	READ-US_SP80367	READ-US_SP80423	READ-US_SP80615	READ-US_SP80657	READ-US_SP80754	READ-US_SP80950	READ-US_SP81137	READ-US_SP81172	READ-US_SP81440	READ-US_SP81494	READ-US_SP81711	READ-US_SP81840	READ-US_SP82087	READ-US_SP82103
A[C>A]A	506	1436	348	463	375	498	208	257	4221	389	575	1569	183	578	252	473	429	159	507	362	389	349	869	297	447	302	334	370	153	463	435	148	736	620	204	473	274	303	361	311	3655	174	235	226	290	415	165	375	412	206	298	241
A[C>A]C	225	2089	159	215	158	230	119	166	6058	436	167	2280	222	822	157	296	109	86	239	187	217	183	2569	127	954	158	211	131	81	216	132	67	306	211	109	215	135	167	230	187	4849	90	108	113	214	233	104	549	238	109	193	135
A[C>A]G	49	225	26	26	19	32	18	21	676	48	36	160	23	59	17	49	21	8	43	24	30	27	85	22	48	21	20	20	12	37	28	5	43	42	17	42	24	20	42	21	501	20	15	7	21	27	21	36	21	17	25	20
A[C>A]T	302	9087	185	192	214	280	127	169	43373	491	203	11736	316	2087	153	401	183	77	247	218	249	227	4520	168	2293	155	218	217	93	246	207	130	433	310	119	256	135	182	266	162	29021	99	114	119	194	256	95	261	262	123	205	104
A[C>G]A	166	325	89	65	62	111	48	85	3000	268	70	436	242	104	103	213	40	26	160	131	171	91	715	69	67	66	92	87	51	119	42	81	143	67	42	79	78	77	134	78	1273	47	50	43	195	219	28	164	116	71	111	43
A[C>G]C	67	195	61	31	44	78	33	49	941	128	48	187	107	66	63	153	20	14	86	67	101	65	253	50	39	38	61	42	32	57	36	28	73	37	20	55	30	49	97	53	730	26	24	21	115	91	19	90	67	37	56	18
A[C>G]G	29	12	12	8	8	18	6	11	34	21	8	30	16	7	17	35	13	4	13	7	41	11	15	9	4	9	10	11	7	12	6	6	19	8	6	12	9	12	27	13	90	5	3	3	21	37	5	12	11	9	18	3
A[C>G]T	157	208	149	78	75	195	63	83	1630	347	63	338	242	78	115	531	35	43	219	205	176	119	218	101	64	51	200	85	44	166	56	48	172	86	35	98	75	101	224	102	981	57	44	39	422	218	53	167	170	68	204	55
A[C>T]A	325	1543	201	287	250	318	173	208	9685	4377	271	2389	3409	643	219	406	173	125	293	276	304	248	1931	200	578	234	207	222	166	295	203	1340	377	323	150	283	178	247	230	276	5054	148	166	120	267	319	129	287	291	212	254	165
A[C>T]C	185	2510	107	165	124	175	81	100	11985	2018	149	3494	1150	1196	85	152	111	68	130	124	137	118	2967	89	976	96	106	93	77	176	121	345	172	174	82	184	95	100	130	148	7598	69	87	63	114	163	79	340	187	120	150	85
A[C>T]G	1020	6102	743	1409	888	1238	863	796	18055	4231	1423	8339	4769	3062	610	872	858	577	1322	1128	966	1028	9635	1118	2500	1223	682	832	627	1310	888	2071	1012	1103	831	1321	894	809	575	868	14158	963	891	729	826	693	663	1025	1301	901	1122	1020
A[C>T]T	273	4421	152	248	184	256	136	199	20025	2103	201	5185	1247	1799	145	294	126	106	236	210	197	204	4039	177	1425	163	152	186	92	238	163	373	282	292	120	258	140	201	161	222	13675	119	122	103	182	305	100	400	246	143	187	130
A[T>A]A	146	723	110	88	77	132	71	64	2760	1044	65	941	220	346	77	212	33	45	162	136	146	93	1041	85	319	68	142	88	70	124	56	58	193	106	48	120	66	108	155	121	2420	66	181	52	179	199	50	238	209	59	139	62
A[T>A]C	78	329	59	75	55	84	51	48	1340	1107	53	529	283	169	69	129	20	28	81	92	98	88	381	48	108	46	66	32	46	79	34	85	89	57	37	78	54	62	100	83	1263	29	115	26	94	134	34	128	118	52	85	32
A[T>A]G	82	97	70	61	54	74	62	67	568	432	50	149	113	59	85	178	32	31	100	103	111	79	119	57	33	41	87	56	34	93	38	34	106	60	42	76	55	82	101	75	558	58	56	31	103	116	32	95	110	46	112	38
A[T>A]T	268	3671	182	241	174	334	129	163	16575	3146	260	5987	1586	1557	158	350	115	130	277	305	275	179	4331	169	1670	141	161	170	113	230	141	658	312	329	141	384	207	250	220	192	11032	122	257	103	314	289	107	424	385	234	219	172
A[T>C]A	382	5872	259	190	215	395	191	183	29900	5914	202	10630	3138	1772	212	373	134	108	380	393	367	218	12366	169	1266	164	226	220	127	243	147	387	488	284	135	321	199	232	298	241	25260	157	313	127	365	419	131	369	372	222	270	151
A[T>C]C	124	2839	106	96	75	111	74	68	18591	1894	78	5866	1407	838	94	189	65	35	96	125	151	97	4703	80	731	71	59	67	45	85	47	154	153	87	58	123	69	104	80	92	14281	49	117	35	120	163	41	138	157	83	90	53
A[T>C]G	175	3160	117	113	102	163	94	96	19373	3976	111	3553	4094	485	122	219	69	71	160	168	193	125	3000	89	473	110	88	123	56	138	65	420	201	162	82	163	124	158	113	126	12701	73	96	70	165	168	65	121	159	139	135	73
A[T>C]T	294	5759	255	178	223	310	196	191	35508	2847	168	8029	1112	1215	229	384	119	98	297	304	254	215	5266	174	1081	195	168	175	134	221	109	145	320	185	95	242	197	220	214	269	23682	122	492	100	248	385	93	534	509	184	251	145
A[T>G]A	123	4317	135	38	46	203	60	53	11156	182	51	2832	80	438	52	230	23	20	166	139	114	57	1781	58	696	39	115	51	20	111	42	10	196	64	30	70	37	96	147	67	12890	36	51	32	233	150	41	93	94	38	123	35
A[T>G]C	30	3165	33	13	21	62	17	24	13255	206	18	3137	219	659	22	105	5	6	24	24	38	35	2050	11	655	12	17	13	10	32	6	23	34	20	5	28	13	33	26	14	10935	11	18	7	43	41	10	25	34	8	30	13
A[T>G]G	69	1731	52	41	33	59	32	46	7443	156	36	1194	140	198	63	105	21	12	62	62	90	57	1010	34	268	23	43	41	25	40	17	17	91	39	25	51	28	54	71	58	6106	22	28	12	68	97	16	48	44	36	77	18
A[T>G]T	127	26729	259	125	101	427	55	56	106380	392	86	25216	384	4287	83	683	32	28	167	145	147	120	13501	51	5194	41	91	54	38	130	26	57	197	67	30	79	53	223	109	78	92201	31	48	37	186	116	35	89	97	64	94	49
C[C>A]A	417	2558	233	341	304	425	150	141	8954	1322	412	4290	875	869	176	340	264	148	372	254	318	223	2362	157	621	223	234	247	109	297	345	301	507	403	174	421	199	210	318	260	7976	131	158	218	239	299	185	1758	392	245	242	148
C[C>A]C	197	979	125	160	118	171	78	105	4454	1910	164	1358	1713	308	131	253	94	50	151	125	200	178	1224	96	294	97	140	111	53	156	123	449	273	194	79	192	85	114	212	142	3384	73	79	60	175	210	64	1716	199	119	161	74
C[C>A]G	48	219	23	48	29	57	10	22	926	345	48	347	278	68	23	36	22	16	51	33	29	22	241	15	63	26	24	35	17	40	43	96	43	64	17	49	23	19	36	29	797	13	14	34	29	30	11	140	39	40	37	9
C[C>A]T	336	10390	189	261	201	392	123	141	53204	5439	395	21650	4633	2907	168	295	232	149	321	246	331	194	9488	139	2539	181	140	196	90	258	249	1258	415	497	152	406	176	196	243	212	40443	116	116	163	224	279	128	937	352	358	185	132
C[C>G]A	65	31	53	35	28	81	33	35	78	49	39	41	40	33	54	118	26	18	83	67	91	73	44	22	10	33	60	37	17	52	21	9	80	40	19	41	50	38	63	60	284	33	25	10	91	124	20	198	56	29	50	22
C[C>G]C	55	32	37	33	26	52	17	24	61	42	23	42	28	25	38	81	19	16	34	57	60	62	30	18	13	22	44	35	9	38	19	8	57	29	17	61	23	39	61	51	231	21	16	7	74	93	13	323	48	27	34	15
C[C>G]G	14	11	7	10	3	11	3	9	14	23	8	13	22	4	22	20	8	2	11	15	16	10	13	11	4	12	7	8	3	18	8	3	12	11	6	16	11	7	13	17	78	2	3	0	10	27	5	38	13	9	8	4
C[C>G]T	92	59	79	61	47	131	32	82	141	85	46	83	44	36	88	202	25	30	98	95	121	87	59	46	12	43	82	51	32	70	35	6	120	59	26	80	62	63	109	104	443	30	36	23	184	143	33	177	109	32	101	29
C[C>T]A	242	906	139	215	145	237	124	142	3837	1511	200	1318	684	261	136	221	117	65	216	210	221	154	1515	138	229	160	149	164	90	204	195	277	231	265	121	243	155	137	166	195	2623	101	119	76	221	238	92	336	231	118	208	110
C[C>T]C	217	1326	114	197	121	171	101	122	5998	2873	164	1873	868	406	114	169	101	78	149	150	164	138	2249	124	366	108	105	135	78	185	191	336	162	261	104	173	113	112	130	179	3858	89	85	59	131	202	75	415	225	103	142	77
C[C>T]G	701	2591	446	942	498	849	411	470	8629	2980	994	4081	3313	1159	398	591	625	345	749	693	604	671	5854	738	983	758	457	566	394	803	515	1449	673	761	588	912	602	525	385	565	7013	583	543	298	498	485	372	727	829	555	684	433
C[C>T]T	274	2197	165	229	185	249	142	171	10375	3634	262	2887	888	648	135	309	152	104	221	206	238	218	3377	164	553	148	154	150	120	237	170	345	238	315	120	220	143	169	177	220	7025	121	137	97	199	302	104	580	247	154	179	143
C[T>A]A	63	163	66	43	48	96	31	57	1061	287	37	225	84	59	66	145	19	22	80	72	88	70	125	38	36	23	134	51	32	47	20	17	97	42	21	64	42	71	325	68	987	39	38	25	224	151	39	250	82	37	94	18
C[T>A]C	103	245	99	67	47	142	47	74	2332	546	45	411	453	88	80	271	25	20	93	76	99	96	199	40	51	33	81	39	32	75	40	72	126	44	38	80	41	76	124	58	1754	42	39	28	136	149	41	189	98	33	82	22
C[T>A]G	79	245	70	60	50	100	49	54	1653	430	55	288	132	65	74	213	39	16	75	82	105	94	138	37	50	43	91	43	42	82	26	25	95	41	26	77	51	72	110	64	1155	57	39	36	106	134	17	168	85	47	82	36
C[T>A]T	154	628	258	146	124	408	94	113	5280	340	111	941	278	226	163	594	44	33	223	208	164	211	451	69	161	70	249	77	62	149	74	41	274	100	61	125	68	213	382	133	4285	70	72	55	349	227	83	311	198	85	202	42
C[T>C]A	137	986	139	121	88	244	74	61	6599	3500	99	1408	2117	231	86	206	65	45	197	165	157	116	1461	75	195	77	205	105	34	115	48	253	196	97	53	114	69	139	539	95	5445	81	68	37	412	233	61	179	135	119	126	60
C[T>C]C	127	1125	211	121	102	339	79	80	9560	1678	86	1904	1635	270	106	493	40	36	130	128	141	153	1571	65	236	58	79	86	46	109	41	194	179	76	67	139	63	164	191	109	7168	52	30	40	215	204	40	342	125	94	96	52
C[T>C]G	133	1594	141	129	80	211	39	67	8954	4240	91	1488	4420	187	65	330	51	48	111	115	132	110	1117	77	233	74	66	91	42	98	50	424	152	113	50	133	65	127	97	98	6849	63	50	25	137	130	35	206	103	103	75	53
C[T>C]T	279	1527	664	231	141	900	87	107	14232	2419	154	2567	1892	384	183	898	69	59	300	206	185	312	1344	100	258	76	143	134	61	196	67	228	410	148	60	233	123	345	164	141	13436	64	94	64	244	179	75	377	144	149	133	63
C[T>G]A	48	4204	68	26	33	113	14	24	12295	130	44	3142	151	529	36	122	12	10	65	83	63	34	2678	26	551	31	61	34	12	45	12	28	83	42	17	43	31	40	197	41	11991	21	25	11	247	70	17	61	58	30	47	14
C[T>G]C	60	1307	71	50	31	178	25	34	6581	408	38	1255	748	217	36	301	21	15	61	41	46	52	1311	20	228	21	32	27	15	60	7	55	67	28	16	42	20	66	69	25	5350	20	16	10	97	82	19	56	39	34	37	12
C[T>G]G	79	2647	64	57	38	111	39	46	10665	412	38	1863	925	304	64	218	24	10	93	70	111	67	2225	27	350	37	41	51	30	73	24	59	92	52	30	87	43	73	72	54	8958	26	23	14	71	97	18	64	67	49	45	25
C[T>G]T	366	17367	1439	451	339	2589	123	123	71824	792	187	17723	1388	3031	273	3258	46	41	969	255	195	541	12785	55	2440	63	182	131	40	420	63	117	708	143	49	249	135	829	164	167	68617	81	99	71	435	190	76	120	194	141	113	50
G[C>A]A	669	1172	439	693	531	708	211	232	3615	450	888	1747	246	845	216	311	637	209	642	391	442	317	1284	378	483	396	220	502	137	542	718	203	969	960	329	585	317	350	242	297	3505	237	261	279	179	314	222	367	516	217	252	219
G[C>A]C	153	1423	116	167	141	193	63	93	4257	616	191	1872	327	479	98	157	108	55	165	148	144	151	1558	103	436	129	118	112	59	136	157	99	253	239	81	188	97	113	140	113	4437	60	78	59	121	128	71	671	186	87	105	62
G[C>A]G	42	83	33	43	43	46	14	19	225	122	60	114	66	54	23	21	32	22	35	46	44	22	97	26	37	45	18	43	11	41	51	34	71	61	22	38	24	21	20	24	300	19	18	9	22	21	20	46	37	23	28	22
G[C>A]T	399	5952	261	436	328	449	138	130	24093	963	543	13060	769	2176	139	274	319	152	400	267	303	239	6175	224	1504	243	164	305	92	318	472	286	578	655	177	400	193	234	204	203	25899	127	168	184	162	259	150	299	332	179	170	171
G[C>G]A	56	174	27	42	22	61	10	28	1427	69	11	223	52	59	43	57	19	13	38	45	77	43	359	37	57	20	32	39	18	31	20	20	52	36	16	43	31	41	44	35	632	17	22	7	47	86	10	67	39	24	46	10
G[C>G]C	50	237	52	31	36	65	20	38	722	298	31	295	143	68	41	199	27	10	72	77	53	35	216	41	45	28	63	37	16	58	16	37	71	36	22	57	34	35	66	48	853	19	25	13	106	89	25	155	68	33	61	20
G[C>G]G	11	3	4	1	2	17	5	6	12	17	11	12	16	4	10	9	3	3	3	12	15	3	3	1	2	7	6	14	2	10	6	3	6	9	3	8	7	8	8	7	57	3	5	8	10	18	5	16	9	5	7	2
G[C>G]T	83	291	55	40	27	75	31	43	1248	193	24	263	106	60	64	160	27	14	88	103	95	65	157	41	69	29	55	44	14	49	27	26	65	33	17	51	46	43	87	58	984	26	19	11	141	143	16	82	75	46	81	16
G[C>T]A	192	2010	141	189	149	223	97	123	8882	6041	187	4987	3070	1360	141	196	108	71	224	190	233	156	5417	144	922	152	126	151	87	188	111	1196	225	198	118	226	137	125	169	156	8378	101	121	77	224	201	81	238	212	118	183	109
G[C>T]C	165	7763	162	204	161	214	103	131	23972	10325	213	18703	4029	5465	100	225	119	106	223	247	242	184	16858	170	3535	150	127	126	84	191	130	1107	244	218	113	271	148	129	129	151	28841	113	108	72	163	168	94	510	278	148	171	112
G[C>T]G	857	9323	546	1067	635	1086	548	588	22614	5977	1288	25721	5717	7376	470	699	783	485	1030	1064	882	868	28755	902	5117	953	523	681	499	1103	705	2222	937	980	716	1179	739	698	469	723	32232	698	630	397	607	596	477	862	1130	770	926	605
G[C>T]T	191	10216	161	244	177	238	132	141	29368	7962	235	22767	2826	6435	129	225	114	83	246	228	254	166	19315	169	4127	161	118	139	86	194	126	791	261	226	119	208	121	164	187	169	38970	118	121	82	183	201	81	310	265	155	170	126
G[T>A]A	56	106	47	29	20	62	23	35	377	576	30	153	91	53	39	98	19	11	51	71	48	54	203	19	37	26	57	27	20	56	17	23	62	28	12	37	26	27	100	51	457	35	26	19	81	90	17	125	47	28	55	28
G[T>A]C	48	149	42	36	32	66	23	31	931	974	25	267	197	65	44	93	13	13	39	55	54	52	199	21	45	12	38	34	22	31	24	57	53	22	14	44	25	33	57	26	888	24	38	14	59	69	16	36	61	21	53	19
G[T>A]G	51	51	39	26	31	53	33	38	169	661	34	69	169	31	57	117	14	16	45	49	55	54	60	29	13	30	56	27	23	52	18	43	80	24	18	52	33	39	66	48	288	28	22	12	74	60	24	52	36	17	56	14
G[T>A]T	72	389	82	72	58	150	50	68	2207	632	41	574	241	144	86	214	17	22	106	82	110	98	365	40	143	28	82	54	31	66	29	62	131	64	24	76	42	113	117	78	1892	38	60	31	129	131	24	153	101	57	94	20
G[T>C]A	138	7214	133	98	103	144	80	77	28571	8327	169	16176	3159	3113	90	214	80	57	178	168	176	101	23232	91	1980	109	126	93	52	139	65	394	176	140	88	186	99	82	280	113	28468	79	91	65	241	184	65	187	174	121	133	92
G[T>C]C	74	5770	82	78	71	130	55	62	22853	2566	84	17550	1357	2614	53	166	51	47	108	118	126	77	15689	78	1711	74	38	58	41	79	56	167	114	92	59	104	66	75	75	66	27861	49	47	46	107	77	34	88	94	59	75	49
G[T>C]G	93	3551	70	90	58	122	45	58	16444	5410	75	5766	2973	778	61	181	65	35	101	106	112	69	9205	79	640	71	40	76	30	79	47	316	96	69	56	134	77	89	69	55	13295	48	51	30	101	93	26	80	77	93	65	42
G[T>C]T	144	12027	192	117	126	236	107	98	47074	5259	125	19669	1722	3969	97	301	94	49	189	158	161	119	19099	116	3117	119	74	94	65	128	50	204	203	131	89	188	123	171	95	119	42992	74	122	83	152	172	69	315	198	132	131	112
G[T>G]A	46	987	33	18	23	36	7	32	2682	81	15	1291	47	163	21	56	12	10	33	47	40	27	1057	19	190	13	43	31	12	36	9	8	45	8	5	29	10	29	66	19	3773	16	23	8	78	57	14	33	29	12	35	3
G[T>G]C	26	1286	13	14	23	51	8	12	4970	152	13	2000	165	348	13	80	7	8	26	19	27	20	1654	13	308	5	19	11	4	23	6	13	24	10	10	23	14	21	29	17	6421	10	16	5	41	44	6	18	24	12	13	4
G[T>G]G	67	769	37	43	36	82	35	26	2602	164	31	970	217	150	56	105	23	12	71	47	64	62	1082	23	183	21	29	29	25	39	19	28	81	33	15	57	35	49	49	54	3582	33	19	21	66	127	21	45	42	32	42	11
G[T>G]T	84	3865	271	160	122	592	41	56	15051	572	64	5536	752	912	96	812	25	25	230	109	99	161	3992	36	841	50	52	41	28	123	31	75	211	64	37	87	45	210	82	69	19564	30	53	22	126	90	38	70	84	62	58	34
T[C>A]A	684	47860	432	527	454	625	248	205	84264	388	733	36606	168	10846	248	452	585	214	613	471	461	344	18434	384	12464	396	319	390	188	539	657	159	941	967	298	530	292	350	341	325	94653	196	304	293	359	378	241	631	540	244	373	302
T[C>A]C	368	5404	272	307	256	324	148	167	18695	428	413	7771	227	1809	183	294	340	102	345	239	261	190	4238	233	1298	225	198	224	132	312	381	134	504	553	154	342	162	187	251	231	16601	146	156	151	206	271	129	470	292	169	208	206
T[C>A]G	77	1485	46	62	46	64	14	28	2876	62	94	720	37	242	21	46	63	34	56	51	43	44	591	60	280	50	31	51	22	47	81	26	100	110	36	80	27	26	41	31	2643	22	27	33	28	35	29	62	53	32	35	36
T[C>A]T	1075	281747	687	839	761	1045	380	308	656802	1268	1384	307464	783	94462	369	543	961	373	1029	728	680	477	169656	607	84450	656	416	696	250	815	1147	483	1516	1679	526	1049	523	505	504	434	728075	369	451	473	531	539	404	652	904	553	519	569
T[C>G]A	148	58	161	75	79	141	74	85	190	117	76	138	51	103	123	376	69	51	216	214	190	91	112	100	20	73	162	80	36	128	64	11	134	73	94	114	103	111	265	114	564	77	54	43	344	263	68	145	215	45	152	58
T[C>G]C	90	72	95	46	50	118	58	61	196	105	48	93	52	47	77	194	28	23	112	113	143	48	83	54	26	43	82	69	32	80	49	11	83	50	39	87	68	59	117	73	485	40	36	23	164	185	34	119	123	32	94	22
T[C>G]G	10	12	17	15	9	16	5	9	14	10	9	13	3	14	15	23	6	8	20	18	19	11	16	7	2	8	9	7	7	14	4	3	13	6	6	14	17	14	19	6	51	4	6	2	30	20	3	25	15	3	15	5
T[C>G]T	276	263	333	171	153	389	154	170	526	352	122	312	188	149	250	1021	94	95	497	464	338	163	176	196	83	127	424	188	58	284	117	40	288	138	121	199	234	184	587	264	1284	157	102	73	847	532	136	304	388	92	388	79
T[C>T]A	286	3539	270	328	236	254	238	217	11811	2309	282	5205	655	1542	210	316	173	139	334	297	310	186	6025	238	1153	191	364	167	104	276	202	308	258	280	184	268	181	240	359	326	10490	157	161	128	321	329	130	277	376	152	258	156
T[C>T]C	248	9277	194	248	193	235	182	145	28481	3145	242	15499	756	4917	163	322	143	104	234	212	239	204	18116	202	3509	187	239	147	111	243	158	293	241	280	154	247	154	180	220	262	28185	113	137	93	253	265	131	499	349	152	210	160
T[C>T]G	457	49003	376	652	372	603	316	329	96978	1688	686	58673	1774	19238	287	409	387	244	638	513	406	470	95973	542	18797	520	332	383	270	587	374	830	477	520	398	590	403	392	266	389	109726	395	372	290	350	302	255	503	603	385	479	406
T[C>T]T	319	26089	265	308	244	315	244	217	72863	2834	300	35437	733	12846	239	417	194	120	326	306	266	220	38249	228	9837	218	287	184	101	301	201	268	342	288	199	305	210	248	271	304	74052	149	180	137	311	363	154	413	377	136	292	162
T[T>A]A	265	1336	232	197	154	362	132	127	4053	998	271	1886	573	599	127	290	136	113	389	372	313	185	1140	129	489	140	257	148	71	201	152	216	352	283	112	260	147	180	343	160	3961	93	176	114	487	315	88	271	319	185	237	139
T[T>A]C	74	517	60	62	43	79	48	49	3159	369	35	685	90	168	59	160	22	21	88	93	107	63	540	28	146	34	81	35	28	76	25	30	111	44	26	57	39	74	137	62	2008	27	66	27	166	125	27	96	99	30	73	29
T[T>A]G	57	647	48	36	34	69	42	41	2497	294	34	494	81	110	47	135	21	15	76	69	79	44	353	21	155	25	96	41	24	54	25	11	72	44	17	49	28	56	98	49	1879	36	30	23	153	99	18	96	62	23	61	17
T[T>A]T	234	4692	218	173	172	361	146	155	20924	698	155	4227	463	973	191	460	80	59	273	283	248	198	2762	92	1191	118	367	136	65	224	135	171	316	210	104	220	134	257	471	186	12978	90	243	62	601	368	80	396	346	161	213	87
T[T>C]A	311	6063	325	132	133	473	122	135	27527	5455	162	8579	1604	1696	141	330	84	83	325	377	299	146	10042	119	1392	126	369	152	56	208	76	337	508	186	76	222	107	196	643	142	24876	125	120	63	644	484	79	252	279	153	208	89
T[T>C]C	158	5304	105	123	88	210	67	78	29246	2772	128	8290	1480	1574	85	264	76	58	159	192	188	108	7290	82	1396	98	93	97	58	114	72	256	190	139	58	161	84	138	148	87	19391	63	84	55	178	191	41	151	151	114	113	72
T[T>C]G	117	4587	95	98	56	146	56	44	20594	2945	76	4223	1617	770	55	152	52	34	141	132	139	74	4113	56	786	53	73	73	27	76	37	295	171	97	56	97	53	85	127	52	13757	51	54	33	175	127	31	88	82	83	62	40
T[T>C]T	244	10993	269	184	154	366	134	131	59619	3895	190	12002	2025	1913	185	364	114	79	305	255	297	178	8926	138	2002	132	136	147	83	192	99	406	263	197	84	279	151	218	212	164	36049	100	363	84	328	319	74	426	414	191	181	138
T[T>G]A	184	20728	200	63	62	343	66	59	32273	208	72	7944	62	2388	80	315	23	28	258	213	154	58	8970	60	3640	53	185	67	23	126	46	12	241	67	30	77	60	119	348	95	39432	59	68	35	521	266	54	116	122	58	170	38
T[T>G]C	45	7264	67	34	44	122	29	41	22145	132	32	6430	90	1644	48	149	9	18	80	67	63	46	8161	28	1435	22	38	24	18	60	13	21	73	35	15	53	25	60	109	30	21072	18	41	18	169	105	23	48	50	26	67	24
T[T>G]G	103	3261	93	68	58	113	33	46	8819	289	48	1531	208	509	79	156	31	29	126	106	140	78	2349	44	651	53	74	70	38	61	34	36	92	48	33	86	44	84	130	71	9175	52	44	22	171	146	29	79	79	36	74	29
T[T>G]T	304	145404	513	271	219	1052	182	144	340589	720	214	102721	600	29889	194	1485	102	83	497	462	315	255	102758	129	31227	135	326	170	81	338	139	112	553	181	81	228	155	449	384	210	382745	90	300	78	832	445	101	288	385	186	256	115
