Mutation Types	ESAD-UK_SP110842	ESAD-UK_SP110845	ESAD-UK_SP110846	ESAD-UK_SP110847	ESAD-UK_SP110849	ESAD-UK_SP110851	ESAD-UK_SP110853	ESAD-UK_SP110855	ESAD-UK_SP110857	ESAD-UK_SP110859	ESAD-UK_SP110860	ESAD-UK_SP110861	ESAD-UK_SP110863	ESAD-UK_SP110865	ESAD-UK_SP110866	ESAD-UK_SP111000	ESAD-UK_SP111001	ESAD-UK_SP111002	ESAD-UK_SP111004	ESAD-UK_SP111006	ESAD-UK_SP111008	ESAD-UK_SP111009	ESAD-UK_SP111011	ESAD-UK_SP111013	ESAD-UK_SP111014	ESAD-UK_SP111015	ESAD-UK_SP111017	ESAD-UK_SP111019	ESAD-UK_SP111021	ESAD-UK_SP111024	ESAD-UK_SP111026	ESAD-UK_SP111027	ESAD-UK_SP111029	ESAD-UK_SP111030	ESAD-UK_SP111031	ESAD-UK_SP111033	ESAD-UK_SP111035	ESAD-UK_SP111036	ESAD-UK_SP111038	ESAD-UK_SP111039	ESAD-UK_SP111040	ESAD-UK_SP111042	ESAD-UK_SP111043	ESAD-UK_SP111045	ESAD-UK_SP111047	ESAD-UK_SP111049	ESAD-UK_SP111051	ESAD-UK_SP111052	ESAD-UK_SP111054	ESAD-UK_SP111056	ESAD-UK_SP111057	ESAD-UK_SP111058	ESAD-UK_SP111059	ESAD-UK_SP111061	ESAD-UK_SP111064	ESAD-UK_SP111066	ESAD-UK_SP111067	ESAD-UK_SP111069	ESAD-UK_SP111070	ESAD-UK_SP111072	ESAD-UK_SP111074	ESAD-UK_SP111075	ESAD-UK_SP111076	ESAD-UK_SP111077	ESAD-UK_SP111078	ESAD-UK_SP111080	ESAD-UK_SP111082	ESAD-UK_SP111084	ESAD-UK_SP111086	ESAD-UK_SP111088	ESAD-UK_SP111089	ESAD-UK_SP111091	ESAD-UK_SP111092	ESAD-UK_SP111094	ESAD-UK_SP111095	ESAD-UK_SP111096	ESAD-UK_SP111098	ESAD-UK_SP111099	ESAD-UK_SP111101	ESAD-UK_SP111112	ESAD-UK_SP111113	ESAD-UK_SP111114	ESAD-UK_SP111116	ESAD-UK_SP111117	ESAD-UK_SP111119	ESAD-UK_SP111164	ESAD-UK_SP111166	ESAD-UK_SP111168	ESAD-UK_SP111170	ESAD-UK_SP111173	ESAD-UK_SP111175	ESAD-UK_SP23496	ESAD-UK_SP23498	ESAD-UK_SP23500	ESAD-UK_SP23502	ESAD-UK_SP23504	ESAD-UK_SP23506
A[C>A]A	294	306	148	198	213	342	415	322	343	342	277	216	288	631	189	355	515	126	350	525	246	269	285	158	120	243	205	277	2	223	232	124	169	310	573	202	213	353	429	180	252	72	374	154	533	420	169	55	417	499	267	267	387	420	369	341	152	304	426	127	273	260	259	467	212	271	282	429	459	306	206	418	398	449	566	327	224	196	264	232	431	442	374	519	393	556	360	153	548	386	1052	288	502	251	454	149	134
A[C>A]C	163	183	112	156	118	221	203	170	166	370	179	119	158	471	114	155	277	82	241	308	143	117	165	100	90	174	156	163	1	144	154	82	72	158	263	127	134	167	238	79	157	43	178	130	312	185	113	43	247	277	124	168	205	195	192	198	118	175	194	89	171	179	127	240	105	116	144	238	206	159	149	247	258	246	239	151	138	112	141	154	249	267	197	251	266	235	186	114	274	195	444	143	277	91	299	92	105
A[C>A]G	26	25	17	21	18	31	28	25	18	41	36	17	34	74	21	23	40	12	23	54	36	21	20	16	15	37	19	14	0	24	22	16	18	23	52	18	23	29	31	28	23	11	29	19	47	36	18	1	40	39	11	16	42	32	40	31	17	21	29	8	24	23	13	59	24	16	19	54	45	24	20	55	47	60	42	32	20	8	25	39	39	37	28	28	27	42	35	15	35	39	96	21	32	20	42	19	13
A[C>A]T	168	184	114	155	106	204	251	212	181	342	184	131	162	475	103	190	316	79	227	305	183	126	193	96	77	185	149	170	0	159	141	91	73	171	319	133	135	170	200	101	173	37	220	106	270	235	146	48	257	306	148	179	209	229	213	214	110	155	214	75	200	166	140	321	116	140	163	290	276	140	142	308	287	318	275	155	133	126	147	124	309	277	224	312	276	260	171	129	340	265	621	163	280	123	303	62	84
A[C>G]A	107	86	122	91	56	139	185	152	81	84	87	81	83	343	66	63	139	47	121	208	81	50	151	53	54	166	64	76	0	80	69	31	40	101	192	61	102	71	113	43	68	20	109	64	156	114	76	21	131	128	61	114	108	112	98	133	66	70	99	31	147	81	69	194	56	76	78	216	179	83	80	165	218	173	92	58	78	86	82	68	144	166	85	118	166	120	108	90	127	161	344	107	151	57	184	38	40
A[C>G]C	66	49	65	52	47	93	108	63	46	59	56	49	50	209	32	55	83	31	69	134	50	36	85	26	34	95	46	36	0	48	46	21	26	59	93	40	37	44	81	47	43	17	59	59	89	58	47	13	113	92	38	115	82	71	74	78	39	61	44	16	74	57	38	111	37	30	32	114	100	40	49	89	99	92	46	34	47	47	54	44	93	99	53	62	86	78	80	56	80	119	215	60	99	31	93	27	31
A[C>G]G	21	16	24	5	6	27	37	24	18	23	11	14	9	112	10	16	19	12	23	46	17	6	16	4	10	29	16	11	0	12	8	14	7	8	21	22	18	10	20	10	36	6	15	9	25	23	4	2	33	21	8	14	21	22	22	21	21	16	17	5	84	25	12	38	6	13	17	33	23	5	9	34	65	32	10	11	8	8	13	21	33	26	12	27	27	28	19	22	28	45	47	23	28	6	25	5	6
A[C>G]T	119	131	111	82	48	190	216	163	85	80	101	115	70	379	63	82	175	56	119	281	81	53	136	52	59	181	90	82	0	78	91	38	32	105	171	77	137	70	105	41	77	31	138	70	151	104	58	28	151	148	61	243	117	119	115	176	59	111	93	32	167	106	55	225	51	56	81	297	297	94	69	177	218	178	70	60	107	126	69	98	148	196	102	85	153	137	141	105	126	163	638	106	143	86	184	40	44
A[C>T]A	299	265	192	279	305	335	399	300	224	341	333	144	253	659	202	254	511	141	333	413	243	167	232	157	168	228	284	360	1	215	322	146	120	329	368	319	255	217	449	185	191	59	322	175	629	302	138	58	436	341	171	211	288	380	393	324	146	322	312	154	218	235	181	455	177	201	239	307	361	237	237	424	349	637	260	202	225	184	258	227	516	418	347	434	384	438	341	169	359	685	499	260	337	117	540	134	102
A[C>T]C	170	130	105	159	140	169	215	178	120	168	162	89	142	328	111	120	259	67	176	187	131	97	125	73	83	110	184	189	1	121	190	76	58	206	220	152	139	118	238	101	92	33	156	98	314	139	67	32	235	198	103	121	150	176	215	141	70	190	143	75	110	147	102	215	108	73	97	177	201	98	123	184	208	247	147	93	129	96	139	127	243	226	182	218	191	248	213	82	180	324	265	107	181	70	244	77	71
A[C>T]G	952	740	268	1184	486	781	643	669	596	678	573	474	612	693	585	616	1374	243	1014	786	549	476	468	458	286	324	606	436	5	434	616	379	261	544	703	447	483	506	593	435	287	129	768	769	1265	1191	262	189	473	831	473	372	756	751	757	392	245	785	798	548	371	631	484	1002	377	430	437	414	654	759	538	479	420	1106	777	525	466	722	1069	485	429	1329	918	983	738	815	859	238	745	539	1350	446	873	452	709	464	272
A[C>T]T	203	229	158	189	217	214	374	238	179	234	290	140	162	583	163	181	365	104	250	316	177	130	190	104	125	200	245	229	0	186	241	96	80	247	290	224	197	168	340	132	175	40	229	133	509	221	118	45	281	280	135	161	222	247	337	196	103	231	217	114	179	164	139	347	152	150	186	243	291	170	195	349	312	459	205	135	173	125	198	178	284	363	262	320	280	406	226	153	270	401	353	163	320	81	363	105	100
A[T>A]A	126	158	98	126	66	132	170	167	106	126	130	112	139	284	70	97	170	52	131	231	87	97	137	64	52	145	83	85	1	87	109	56	36	119	154	82	125	96	150	86	99	31	136	92	186	127	62	30	145	194	81	146	147	139	151	163	58	118	113	51	113	115	78	195	71	77	97	226	214	88	85	202	137	197	118	83	149	130	130	98	149	184	113	131	183	144	153	75	174	270	368	118	153	58	206	38	63
A[T>A]C	99	123	54	87	100	134	133	120	69	208	111	71	128	229	62	88	197	68	112	146	91	65	92	74	44	107	91	97	0	103	84	54	44	88	117	85	108	64	116	61	67	13	123	86	145	112	62	34	145	129	73	144	103	100	90	138	47	104	84	50	103	103	67	139	71	64	77	130	155	77	58	142	125	112	112	69	81	68	91	86	207	165	125	128	140	126	147	67	124	221	260	81	144	65	181	45	52
A[T>A]G	84	89	63	83	53	86	113	103	76	101	85	58	110	280	55	62	151	54	107	175	76	56	83	54	56	100	76	100	1	83	89	52	32	79	99	65	70	69	123	58	68	24	98	59	182	92	55	20	133	134	61	112	105	124	92	118	62	84	84	39	92	86	64	168	73	70	65	146	115	76	71	178	150	147	85	42	65	54	83	79	149	144	90	102	142	95	117	65	135	150	219	91	118	46	175	35	56
A[T>A]T	290	423	143	257	234	311	316	277	227	405	388	157	264	551	230	284	546	116	296	390	247	216	331	150	136	215	238	335	0	263	332	79	73	224	364	249	372	205	357	96	167	39	418	214	356	336	133	71	439	452	210	369	219	257	329	523	105	265	217	88	224	208	189	373	145	189	300	299	355	200	149	426	283	273	407	212	201	164	251	212	506	477	291	436	448	365	400	127	378	803	769	205	405	139	571	94	106
A[T>C]A	274	290	180	256	146	307	416	398	205	236	322	200	227	703	201	239	384	101	326	434	235	202	313	151	142	369	193	216	0	226	252	135	95	277	341	206	343	242	294	147	163	71	324	195	364	271	148	85	373	392	175	374	253	276	268	390	110	252	254	114	196	222	185	426	154	165	247	360	480	192	190	447	302	393	250	162	259	234	298	239	414	464	240	253	414	345	341	168	346	838	1030	230	351	142	461	91	113
A[T>C]C	123	178	84	126	90	148	173	155	108	203	166	59	131	380	111	129	181	53	141	158	108	119	182	44	82	169	112	182	0	155	155	36	46	118	125	89	104	79	154	44	56	26	182	67	152	126	61	26	258	179	71	200	99	110	112	307	53	86	87	51	137	93	40	209	77	56	107	122	189	94	74	234	200	125	116	56	92	78	136	95	309	272	95	127	211	173	225	76	180	659	411	102	164	68	334	38	53
A[T>C]G	149	185	88	169	91	158	189	237	106	163	190	94	133	505	107	124	223	79	150	223	152	132	188	88	69	196	127	169	0	148	160	59	45	172	211	125	181	118	173	75	80	28	174	132	160	159	85	24	256	201	96	201	176	135	153	297	84	129	118	69	137	142	97	256	85	67	141	217	255	99	117	237	192	196	160	87	115	100	129	136	328	285	147	142	258	192	239	100	210	606	428	134	209	52	345	67	68
A[T>C]T	261	346	148	225	172	275	366	349	195	390	323	153	229	753	238	248	450	115	263	349	226	192	389	121	142	323	191	349	0	265	308	121	77	233	299	157	253	194	298	106	137	52	352	167	358	266	134	61	422	362	185	384	255	228	264	499	107	213	184	91	244	210	143	446	156	170	261	364	437	176	174	505	289	297	216	150	189	186	311	207	463	572	238	263	414	370	327	176	317	980	749	260	325	143	559	89	98
A[T>G]A	73	143	44	68	43	78	121	149	49	59	81	46	67	224	57	69	163	36	67	213	50	66	131	39	43	149	50	89	1	76	110	24	29	65	94	47	134	42	74	34	45	18	145	51	83	83	29	24	114	111	34	221	70	80	49	163	36	95	52	18	72	92	36	158	27	49	63	179	287	55	39	175	100	147	64	34	85	98	51	61	202	146	61	79	124	88	115	43	112	335	875	74	96	54	220	29	29
A[T>G]C	69	159	19	37	46	32	103	103	27	136	109	36	72	141	59	86	186	25	32	67	32	71	114	26	47	56	82	158	0	96	128	9	6	55	68	43	51	27	57	16	17	13	140	14	44	61	20	16	159	91	22	262	37	39	31	262	15	49	19	13	84	45	21	108	43	30	62	51	95	37	16	152	66	67	51	29	25	42	43	41	408	175	45	38	92	96	169	17	69	643	422	51	67	47	278	9	6
A[T>G]G	67	77	43	50	42	67	122	86	46	97	77	45	45	329	44	54	98	32	59	100	53	46	92	36	50	103	45	98	0	65	83	25	18	71	84	51	53	37	76	21	47	20	90	25	87	61	39	16	127	103	37	128	47	62	62	114	34	52	44	18	69	39	26	122	37	32	54	125	124	37	30	147	103	88	47	50	40	40	39	44	220	151	60	62	104	99	89	49	106	371	329	61	61	33	171	14	18
A[T>G]T	655	1549	76	213	535	180	777	1033	138	1535	1455	287	824	1012	794	1008	1951	258	177	472	272	765	1659	154	496	505	801	1990	0	1115	1895	47	40	587	759	451	504	113	727	52	119	42	1675	65	353	483	91	160	1469	968	109	2309	270	274	242	2983	61	354	70	98	950	281	71	936	383	316	863	308	1062	373	75	1864	559	520	661	306	162	347	205	355	3701	1744	313	600	1009	1197	1682	49	717	5619	4274	516	409	588	3095	27	53
C[C>A]A	193	239	110	163	171	264	291	195	231	358	203	150	166	570	138	257	388	95	259	394	190	219	194	139	98	201	162	167	2	143	182	87	158	253	437	156	200	229	289	96	228	57	314	125	345	325	123	45	360	379	202	176	341	288	237	304	123	192	254	72	219	226	194	342	188	163	219	297	320	251	127	253	231	304	392	204	218	129	157	162	382	330	296	446	320	372	252	119	363	243	977	211	366	193	289	115	107
C[C>A]C	149	128	77	129	79	140	185	138	117	168	121	77	104	416	73	104	190	48	158	232	111	89	108	64	70	141	92	101	0	95	103	56	76	120	248	87	130	114	165	62	137	23	162	90	207	162	88	28	233	228	87	120	171	111	154	167	72	105	134	61	127	128	87	265	66	71	96	224	193	113	100	210	203	181	142	99	120	67	115	87	190	199	149	180	194	203	138	99	215	153	480	120	169	63	188	59	68
C[C>A]G	21	37	12	26	26	31	40	34	43	57	32	23	26	69	20	30	47	15	53	53	11	25	28	22	13	30	19	22	0	14	20	9	18	39	79	19	38	27	47	15	29	11	55	22	55	38	17	8	49	44	22	27	43	30	31	43	16	31	42	12	32	23	20	96	24	22	30	40	43	31	25	31	36	48	46	28	31	10	20	40	45	45	44	53	31	47	33	14	46	26	166	18	50	32	27	22	16
C[C>A]T	212	277	95	254	166	269	281	212	187	314	237	128	174	507	114	244	309	103	451	323	244	194	170	146	136	215	136	156	0	129	130	80	103	217	478	169	311	279	287	81	163	51	323	192	357	332	113	48	558	316	182	153	271	247	250	340	133	182	239	83	197	159	216	309	166	171	191	259	292	186	143	236	255	257	390	203	207	125	173	149	308	350	312	381	351	331	244	133	337	321	943	198	296	125	312	77	105
C[C>G]A	65	41	69	67	38	84	107	108	40	52	52	46	35	317	33	42	73	19	71	120	51	30	69	30	21	103	44	41	0	46	42	19	17	61	102	46	56	37	55	24	54	9	57	36	95	51	52	9	91	93	45	89	76	61	62	106	44	50	48	30	112	50	36	150	33	31	58	121	122	32	40	101	121	110	31	28	43	46	40	59	116	104	62	85	105	68	52	71	117	128	241	83	91	29	107	28	30
C[C>G]C	53	38	56	49	16	66	87	78	35	58	49	25	39	266	32	36	49	22	56	82	53	29	68	25	19	101	39	28	0	40	28	15	15	48	83	33	42	36	53	22	50	10	36	32	63	34	38	8	72	70	38	67	60	53	56	57	34	31	47	19	64	36	29	119	18	29	30	96	99	43	38	71	137	75	27	22	38	32	35	52	101	77	40	55	85	61	47	48	86	99	161	43	73	26	93	12	30
C[C>G]G	14	10	27	19	12	9	25	15	14	14	18	18	13	84	8	10	19	9	20	24	8	9	16	5	2	19	8	6	0	19	11	9	7	16	22	8	12	11	15	8	30	2	16	17	29	15	4	2	19	15	10	13	23	12	17	25	12	22	24	8	34	14	5	45	7	5	9	34	17	5	6	23	38	23	12	10	12	10	11	24	17	37	11	15	24	19	10	12	27	28	30	23	22	4	21	2	8
C[C>G]T	80	77	87	82	36	108	174	123	60	80	55	80	71	426	54	76	119	48	73	167	72	42	116	49	30	127	48	44	0	60	67	33	24	85	107	56	89	54	93	28	78	14	87	58	131	81	53	17	126	122	60	145	105	70	102	129	78	91	77	32	128	90	49	180	39	45	69	201	180	72	59	140	197	124	53	42	73	76	52	72	161	145	70	92	143	98	101	89	149	146	346	106	113	34	143	32	46
C[C>T]A	279	245	186	215	266	259	333	255	186	304	303	148	227	599	159	171	512	110	264	320	219	116	212	131	130	217	349	285	1	201	312	106	107	279	296	275	214	185	434	145	174	55	245	155	607	268	94	77	360	333	157	191	246	297	389	287	129	295	231	112	233	220	150	411	182	136	185	288	341	211	188	366	259	286	223	181	184	148	232	187	439	353	289	467	308	405	290	126	297	528	456	223	274	105	463	178	89
C[C>T]C	229	168	144	147	237	207	353	216	187	456	261	104	226	391	120	158	342	85	201	241	152	117	182	88	105	143	300	216	0	167	282	112	89	273	235	235	167	150	355	135	136	38	197	120	584	178	83	45	272	222	137	145	188	228	326	186	104	321	191	105	155	159	114	293	122	115	125	204	283	179	148	221	225	237	179	119	138	102	164	150	308	272	248	344	241	363	208	109	227	336	359	151	237	69	331	100	90
C[C>T]G	669	498	241	797	409	581	457	524	491	516	485	319	435	487	377	427	894	184	749	638	383	392	414	300	201	227	450	364	7	313	438	240	190	422	553	365	362	432	504	232	183	108	608	462	931	819	162	124	327	573	317	274	508	519	602	326	181	556	632	349	281	430	376	1139	296	287	353	328	543	570	321	361	347	708	568	385	376	482	731	355	294	1004	723	677	570	651	621	148	543	442	878	366	647	356	558	272	203
C[C>T]T	238	255	160	226	219	274	360	252	211	402	370	160	263	603	183	209	406	112	286	324	219	146	210	157	139	230	320	306	2	171	272	138	104	329	351	294	243	182	408	157	173	46	293	183	615	283	112	49	333	328	173	197	233	285	395	281	136	297	274	113	187	232	161	408	164	165	213	308	290	201	165	376	335	302	259	178	224	145	210	245	311	372	288	391	316	367	290	151	284	498	476	227	329	98	427	146	113
C[T>A]A	61	70	49	47	28	50	112	89	44	151	73	52	58	229	30	51	117	41	47	145	71	48	75	42	35	115	45	66	0	51	59	22	20	61	89	49	60	39	78	36	57	13	98	43	98	62	47	26	95	118	31	111	76	81	59	109	41	63	57	24	77	70	37	127	37	41	69	159	134	43	65	166	99	190	77	43	59	61	63	50	157	113	63	69	112	82	103	56	103	217	286	61	94	38	166	23	45
C[T>A]C	173	410	59	88	158	96	275	304	94	472	358	117	265	440	242	249	502	85	85	217	105	226	456	77	132	189	214	458	0	258	422	45	19	143	243	125	156	64	238	52	85	21	429	50	176	171	74	60	359	256	72	550	117	118	110	711	59	129	71	51	265	130	55	288	99	103	242	185	351	150	76	525	215	225	172	123	81	102	85	126	987	402	129	192	303	265	378	61	272	1048	895	162	148	146	698	35	54
C[T>A]G	100	198	52	79	71	81	142	134	58	271	172	80	115	398	83	110	197	51	85	146	75	82	186	47	70	172	105	244	0	128	171	44	21	114	164	79	88	56	115	49	90	18	181	45	137	90	52	26	208	179	54	237	94	79	83	293	54	80	44	25	146	85	60	182	81	58	132	172	190	70	53	282	149	236	92	83	66	86	73	94	461	222	84	133	159	140	205	57	178	491	401	116	111	66	356	35	47
C[T>A]T	454	1012	114	188	440	231	687	730	149	1037	1057	251	813	975	802	626	1396	231	165	552	236	668	1387	137	346	445	633	1394	0	696	1368	80	49	434	574	323	377	99	501	90	206	44	1191	67	404	341	123	149	787	831	120	1920	269	313	194	2309	86	353	126	104	672	379	77	697	227	253	659	454	1018	359	95	1761	519	470	499	410	224	306	226	346	2151	1198	312	491	805	868	1073	120	708	2450	2427	464	336	457	2145	67	73
C[T>C]A	166	291	92	131	147	150	246	263	95	374	262	103	190	450	182	201	341	80	150	279	116	172	278	79	137	209	158	346	0	225	254	28	41	147	217	127	205	117	224	44	110	33	224	85	188	136	60	37	346	246	93	412	128	129	122	504	72	150	100	49	168	129	78	241	105	96	194	205	438	120	78	424	179	213	161	81	102	136	109	147	581	313	137	163	318	229	339	66	244	1330	943	159	187	97	638	42	58
C[T>C]C	522	1231	83	198	518	212	698	799	133	1541	1095	207	693	1075	817	833	1215	210	144	468	196	709	1425	161	370	459	660	1487	1	893	1401	42	39	492	616	389	390	122	657	80	118	40	963	102	362	377	124	116	1089	778	135	1707	247	262	200	2585	71	265	105	109	687	269	69	751	311	267	760	308	903	339	70	1491	531	352	496	288	152	239	223	267	2338	1211	358	449	815	992	1365	101	658	4226	2727	523	401	450	2275	43	58
C[T>C]G	342	747	78	146	317	156	451	527	104	995	669	145	357	765	494	539	749	157	153	343	159	463	943	130	198	281	464	913	0	624	834	47	40	297	459	272	282	126	445	38	113	22	585	92	270	269	93	77	763	487	100	966	203	174	173	1531	68	226	107	87	403	203	92	482	148	174	483	200	599	223	65	889	405	272	359	206	140	170	147	230	1751	823	205	328	588	636	914	54	498	3233	1634	348	275	247	1660	28	34
C[T>C]T	1598	3758	133	471	1616	454	2356	2460	257	3716	3549	705	2557	2651	3209	2493	3734	734	315	1226	516	2581	5255	370	1117	1359	2295	4954	1	2642	4909	92	83	1601	2101	1002	1042	255	1776	127	400	111	3334	90	1268	1033	199	420	2668	2623	310	6250	776	706	578	8925	131	903	217	276	2063	1089	163	2354	844	912	2575	658	3047	1129	179	5787	1508	1034	1775	1023	460	694	660	962	6174	3914	1058	1459	2599	3585	3490	105	1991	9568	7811	1611	990	1520	7286	66	109
C[T>G]A	62	100	26	58	36	40	76	117	24	82	95	28	58	211	36	53	139	32	62	114	62	46	86	32	27	79	61	88	0	77	76	9	13	62	93	57	94	27	61	7	38	8	90	37	61	41	22	13	153	81	24	182	40	50	53	158	32	72	32	17	57	56	36	109	33	29	59	83	152	51	28	110	75	75	63	32	58	57	35	39	249	148	40	53	133	71	109	30	88	405	531	40	78	40	203	9	28
C[T>G]C	205	443	38	82	156	68	282	438	50	327	486	96	303	480	219	329	887	65	79	193	84	244	509	67	115	165	221	481	0	333	685	17	13	179	265	153	186	47	225	21	48	13	559	37	100	173	37	52	502	294	49	1290	108	102	78	1133	32	138	37	41	450	108	27	340	94	68	219	112	407	149	40	579	178	177	148	103	60	168	61	139	1512	703	112	204	299	353	623	24	243	1758	2638	184	144	190	919	16	31
C[T>G]G	156	250	51	95	97	81	206	247	56	200	291	76	148	566	134	187	385	58	80	162	95	154	265	62	78	167	117	263	0	239	315	27	18	154	184	103	172	54	163	19	59	6	302	77	108	125	64	32	370	229	38	519	90	95	76	508	47	105	63	49	216	87	35	260	65	61	169	118	247	94	50	328	170	151	140	61	74	91	61	111	830	406	100	130	227	223	339	41	198	1061	1149	140	157	110	607	29	43
C[T>G]T	3486	8021	193	999	2695	851	4730	7131	601	4767	8335	1606	6417	5815	4424	5439	13295	1378	515	2254	976	4743	10198	734	1945	2742	4406	8055	0	5476	13588	155	116	3322	4551	2277	3166	412	3140	80	675	138	11201	177	1658	2532	310	749	6932	5436	501	20809	1418	1672	1030	19143	234	2670	261	549	7018	2474	278	6047	1324	1303	4904	1157	7087	2733	329	10386	2329	2610	3249	1715	864	2437	1237	2227	20903	10977	1767	3223	4774	6716	9000	117	3952	21296	33678	3103	2091	4066	15489	73	172
G[C>A]A	272	326	117	198	327	406	366	280	371	520	270	270	311	442	254	435	565	153	414	527	234	377	273	184	100	191	236	357	0	279	290	106	339	431	931	222	186	489	530	152	251	63	529	87	627	667	141	56	453	580	317	180	556	624	430	388	151	327	490	169	292	275	322	346	237	266	390	236	425	466	214	300	226	339	765	367	296	132	241	224	510	509	557	608	418	773	365	78	627	281	1815	329	534	318	265	249	97
G[C>A]C	130	114	74	115	88	141	150	118	108	321	105	91	108	321	93	140	211	51	167	189	108	102	100	69	45	123	81	97	2	114	114	72	79	137	253	91	99	130	174	67	108	20	160	81	189	161	58	26	180	192	112	106	139	168	133	130	69	109	124	60	117	110	96	178	80	96	109	156	181	115	90	149	192	141	186	113	98	65	83	108	187	182	184	179	152	175	117	55	205	153	550	101	180	77	157	56	56
G[C>A]G	27	34	27	15	36	32	35	24	32	31	24	27	22	71	29	22	55	16	52	52	19	23	25	24	13	19	39	30	0	19	27	13	24	46	82	17	25	30	56	29	26	4	44	19	67	45	10	7	33	41	31	23	39	36	29	34	15	38	49	20	22	30	21	60	25	25	23	34	39	34	19	22	33	32	71	23	28	14	24	28	45	33	51	63	38	52	24	5	45	34	147	22	37	19	26	11	9
G[C>A]T	173	203	88	176	188	284	250	206	225	296	173	155	174	377	161	340	334	76	277	348	179	214	147	117	81	138	144	171	1	186	147	72	167	247	560	148	163	292	351	95	184	47	306	97	379	404	108	36	359	356	223	147	324	335	286	280	90	195	269	99	186	168	225	239	119	194	244	214	289	252	116	202	215	231	525	228	174	95	186	138	360	342	340	413	287	459	234	92	386	242	1311	201	338	190	251	160	73
G[C>G]A	41	44	48	34	27	70	74	68	39	59	37	40	29	188	31	30	53	16	44	89	54	25	44	27	21	85	39	33	0	50	31	19	12	36	62	26	38	35	50	15	40	11	55	26	52	44	34	17	65	63	25	49	58	43	55	59	30	23	45	17	74	44	35	88	25	24	37	92	84	30	24	83	89	61	33	21	31	34	35	34	71	72	39	50	74	51	47	30	72	77	149	47	79	27	67	17	24
G[C>G]C	47	44	43	31	30	65	63	73	36	118	43	35	36	182	36	36	63	11	46	114	42	35	43	23	23	107	29	29	1	43	32	15	13	47	66	31	58	36	44	11	38	10	53	48	73	45	24	15	87	61	29	118	47	55	48	77	35	46	53	14	62	52	24	84	26	21	36	116	94	39	33	82	110	77	43	21	40	33	36	34	96	72	44	54	58	54	59	30	75	97	305	50	55	31	80	12	31
G[C>G]G	4	5	9	9	3	11	16	13	10	7	9	6	10	43	12	10	10	5	6	10	8	6	12	3	6	24	7	1	0	10	6	4	1	18	13	12	11	12	6	6	9	4	4	4	15	7	1	2	17	14	5	7	10	12	6	13	11	9	6	3	25	7	5	14	7	8	5	27	15	9	6	17	41	7	5	5	5	2	6	16	18	7	12	6	10	10	9	10	10	17	24	10	11	4	7	5	4
G[C>G]T	66	59	68	49	27	105	113	99	44	67	53	50	51	298	36	46	73	35	51	112	41	37	78	28	35	119	49	41	0	41	47	16	25	61	85	42	59	52	73	26	61	7	67	40	97	58	50	13	88	96	41	90	73	53	55	92	47	60	74	19	105	50	34	119	22	38	53	132	147	45	33	104	149	66	54	28	47	60	40	42	120	120	60	72	78	78	62	61	91	130	260	58	69	30	96	16	33
G[C>T]A	197	220	144	191	185	218	240	201	193	279	240	148	169	442	126	170	394	78	229	302	130	133	189	120	118	162	180	204	1	169	201	97	74	178	284	173	185	153	271	134	132	39	221	160	392	222	91	42	306	272	151	144	200	268	256	234	113	238	203	116	167	184	123	301	132	110	154	240	254	197	151	247	235	287	194	141	170	124	146	178	357	322	243	299	256	258	239	95	271	393	373	188	269	107	357	122	100
G[C>T]C	227	203	141	193	156	234	215	190	191	202	239	130	191	375	139	132	408	78	229	236	144	104	146	121	103	149	172	166	1	199	184	93	82	202	269	160	229	145	214	137	113	31	293	188	308	192	79	35	292	237	143	184	174	213	213	198	96	202	162	115	168	185	135	273	124	116	140	217	293	197	121	191	193	205	171	137	145	118	181	153	339	312	223	261	219	251	216	98	199	286	436	139	206	111	291	103	101
G[C>T]G	867	707	268	960	497	745	528	620	576	605	552	418	572	642	556	549	1258	215	829	835	492	443	448	403	218	257	552	337	3	513	576	254	243	446	716	412	535	509	619	261	228	94	833	771	1096	962	203	121	425	698	418	384	581	678	699	379	185	671	757	460	347	545	487	876	266	339	494	397	652	643	421	371	357	862	766	432	431	681	888	434	452	1182	833	849	662	712	779	153	641	527	1300	359	754	370	660	340	210
G[C>T]T	201	253	148	209	153	250	262	207	190	218	260	132	191	428	138	167	398	75	234	292	153	141	176	111	111	152	167	176	1	175	205	107	80	218	274	186	257	130	276	127	114	45	265	170	354	236	95	50	295	246	147	156	175	249	211	220	95	229	177	101	149	165	125	290	106	112	154	233	244	165	153	224	242	237	210	145	183	136	193	185	298	354	227	281	238	251	266	121	246	283	417	175	267	81	272	122	98
G[T>A]A	46	52	40	40	15	64	75	62	37	51	44	34	38	166	26	34	68	26	43	81	61	34	43	23	25	75	34	49	0	38	35	25	22	38	62	23	48	36	71	28	44	8	37	26	75	64	32	9	70	72	28	67	54	54	33	64	24	40	36	21	51	42	26	86	22	40	37	78	83	37	30	95	67	93	42	27	46	44	32	33	85	68	33	58	51	39	48	29	73	104	147	54	73	22	79	12	30
G[T>A]C	75	123	34	52	47	58	87	90	34	161	104	33	65	165	69	82	145	32	47	82	46	61	132	37	54	78	61	130	0	76	123	20	17	50	87	43	77	32	86	25	43	10	120	28	85	77	33	21	111	110	30	146	60	52	51	218	23	56	47	25	78	47	22	117	42	35	78	90	127	47	38	145	100	65	67	45	45	42	45	50	221	135	54	70	94	117	107	39	92	307	265	56	54	35	205	20	27
G[T>A]G	53	74	36	47	38	63	90	76	49	83	63	43	57	198	65	53	107	31	48	93	49	44	87	27	32	74	55	73	0	50	76	26	13	54	83	41	55	40	78	23	65	15	71	28	70	53	31	10	94	88	41	89	67	51	59	92	39	48	44	21	75	47	26	102	36	33	41	99	83	38	39	107	83	112	48	37	46	42	30	52	161	124	64	60	77	70	91	45	95	179	173	47	74	27	149	17	29
G[T>A]T	135	285	53	83	113	90	218	193	73	244	256	88	208	396	195	176	336	79	84	186	108	127	319	52	77	152	168	352	0	179	276	33	28	135	223	98	101	67	185	46	110	12	268	37	165	134	63	45	251	224	52	384	117	104	78	487	48	108	79	39	172	121	47	225	93	89	162	176	233	112	62	412	212	160	140	95	85	78	99	102	536	304	96	161	256	220	257	64	240	636	586	136	150	134	482	32	45
G[T>C]A	155	187	118	177	81	220	178	189	135	172	210	92	126	393	111	167	246	57	178	206	119	100	202	81	83	200	112	140	0	149	139	54	45	142	200	134	186	123	162	75	59	44	210	151	172	154	86	36	273	221	94	208	122	137	124	216	60	141	127	52	114	125	98	214	104	96	155	205	247	116	88	218	171	193	157	101	129	110	137	104	266	264	144	136	224	155	199	72	175	595	486	135	193	80	290	69	67
G[T>C]C	194	303	81	120	138	146	245	219	91	307	294	86	148	364	229	231	327	65	133	216	111	165	352	72	96	204	169	323	1	304	305	31	40	166	207	122	188	75	204	53	50	30	273	151	153	147	65	34	305	237	64	361	116	136	108	555	31	124	83	52	178	129	57	220	112	94	228	144	274	133	51	322	187	173	163	102	91	100	95	106	581	348	147	136	327	290	313	48	188	1037	712	175	152	131	534	32	31
G[T>C]G	148	215	77	116	110	103	179	209	74	299	241	77	141	357	175	197	266	58	117	177	80	159	310	57	75	154	153	256	0	246	223	36	26	129	206	134	157	87	173	31	49	16	245	108	143	122	50	22	307	199	70	310	119	105	116	403	48	82	82	55	158	107	76	215	78	65	163	118	220	109	54	307	176	156	134	76	87	82	101	109	538	307	136	135	254	241	290	64	200	950	513	141	145	82	468	49	37
G[T>C]T	241	471	119	179	207	230	368	374	141	462	457	130	303	644	353	349	472	110	177	311	161	287	569	104	180	259	247	563	1	416	480	62	70	261	331	203	244	118	294	102	97	54	422	140	280	224	95	67	426	395	102	656	212	166	193	868	50	170	140	106	269	206	103	376	173	156	339	263	446	192	111	632	298	256	283	181	169	147	167	186	792	588	204	241	412	442	456	98	301	1306	925	255	226	181	785	71	82
G[T>G]A	34	40	21	24	26	33	52	46	26	39	55	21	33	129	20	43	68	16	25	61	27	21	45	14	23	47	24	40	1	36	38	10	10	27	43	19	37	19	40	11	29	9	36	21	42	34	11	10	59	42	11	73	38	43	30	66	13	32	28	9	39	26	12	73	14	20	37	62	71	23	24	77	62	87	22	18	29	23	24	21	72	58	27	37	59	39	44	31	57	168	214	27	44	16	93	8	12
G[T>G]C	53	110	17	32	42	30	68	115	13	118	118	30	87	153	63	68	177	23	27	73	36	73	124	21	51	75	57	146	2	100	163	9	12	63	67	31	75	22	48	12	22	13	177	25	35	51	16	18	159	100	15	308	30	37	29	257	13	39	20	16	103	31	10	119	41	30	64	47	118	44	14	170	71	65	60	32	24	41	26	41	401	187	32	50	81	113	150	18	80	490	662	54	47	62	248	6	9
G[T>G]G	68	95	32	49	49	47	123	108	45	97	117	38	70	292	49	77	138	34	54	97	47	61	126	25	41	90	75	103	2	110	133	16	13	62	92	53	68	37	78	24	45	14	114	35	73	63	29	18	164	88	38	163	55	53	49	176	40	54	49	28	109	50	25	149	42	44	65	101	107	42	37	166	140	311	45	36	40	61	51	52	311	156	73	62	109	127	134	67	118	373	408	65	59	59	225	16	22
G[T>G]T	865	2048	68	280	686	233	1202	1534	153	1378	1959	379	1373	1503	1161	1313	2943	345	164	585	321	1039	2473	174	591	712	1021	2212	0	1398	2969	55	41	755	1003	583	782	130	791	42	151	52	2478	132	465	554	99	238	1789	1280	120	4415	354	443	289	4427	77	535	75	179	1553	536	91	1383	410	382	1199	297	1681	598	106	2754	663	599	850	437	224	500	315	515	5299	2790	444	768	1168	1616	2174	67	1032	5827	7453	768	536	899	3830	29	50
T[C>A]A	343	438	158	251	238	393	391	328	382	397	299	216	289	669	204	409	587	147	468	574	288	303	298	215	101	233	217	256	1	261	226	171	253	370	709	237	297	466	529	148	257	58	535	212	717	559	148	70	512	523	326	240	471	457	395	541	191	377	375	165	322	270	266	491	222	229	312	353	490	406	239	387	285	370	767	385	300	244	289	244	408	577	481	716	416	620	372	143	634	367	1271	372	468	307	384	210	133
T[C>A]C	211	236	115	149	146	243	256	210	239	346	200	193	189	520	134	255	375	90	284	367	130	187	217	133	96	163	196	163	0	184	189	87	152	277	464	155	145	314	319	114	169	37	318	106	399	299	133	39	314	336	209	173	315	301	258	330	104	207	257	125	248	199	179	326	126	141	217	273	303	251	160	237	280	271	414	246	215	141	160	156	254	373	318	384	283	340	245	136	386	224	764	236	322	218	260	156	86
T[C>A]G	28	31	15	32	42	46	42	46	38	40	40	31	39	75	23	54	61	18	41	57	31	30	46	22	18	35	30	25	0	30	25	22	31	49	103	34	31	60	67	30	31	10	58	21	100	66	16	5	58	63	32	31	53	54	51	53	18	43	44	26	51	37	43	54	35	27	32	35	46	52	18	34	47	45	83	38	25	28	36	40	48	75	66	80	52	79	47	18	65	26	148	46	53	28	44	20	17
T[C>A]T	504	706	191	517	431	672	600	436	545	680	505	349	445	858	373	763	834	243	805	789	475	480	426	351	211	378	339	401	0	425	382	213	357	544	1294	397	574	858	801	171	399	83	898	320	932	926	247	108	911	905	497	340	783	891	689	792	241	483	693	250	476	431	566	684	411	412	590	476	670	686	328	495	442	550	1400	607	469	310	457	373	703	996	908	1114	734	1095	667	211	1037	579	2191	511	810	444	555	315	202
T[C>G]A	242	246	282	230	114	327	275	358	105	111	202	272	93	1588	82	101	397	58	126	673	81	51	395	102	57	195	70	162	0	152	77	109	34	345	240	101	231	104	262	36	148	22	238	91	1056	172	178	80	172	341	95	280	132	159	183	1719	172	207	161	329	554	131	118	436	96	146	187	497	323	111	136	448	316	205	109	114	175	471	100	174	269	1099	124	878	246	166	147	361	320	221	610	587	226	87	514	475	59
T[C>G]C	108	121	124	111	47	157	174	170	58	86	84	79	68	579	52	80	143	45	65	259	76	31	188	54	49	133	52	61	0	85	57	62	31	143	147	53	123	78	125	35	85	19	112	68	260	105	86	28	121	157	66	144	92	85	123	416	78	89	93	87	202	83	80	257	59	59	86	235	211	59	84	172	184	143	59	45	94	125	49	100	189	315	80	214	151	110	85	122	174	140	340	218	141	61	232	107	37
T[C>G]G	32	17	25	18	8	24	32	33	13	14	15	14	12	114	14	14	30	10	11	43	9	12	31	7	10	14	9	11	0	14	6	9	4	36	28	10	13	12	19	3	18	6	18	9	54	6	16	3	15	21	10	23	13	22	15	143	21	15	20	15	58	11	8	34	6	10	13	28	22	13	14	35	36	19	9	9	13	33	10	27	33	53	12	57	13	13	7	27	27	27	39	42	22	4	43	9	7
T[C>G]T	381	379	389	324	148	506	466	602	159	220	360	389	188	1840	134	216	571	139	175	1033	159	126	655	164	111	320	134	182	2	249	200	178	63	458	457	181	351	191	370	73	239	44	407	189	1390	296	245	75	290	526	197	601	245	241	313	1925	272	345	254	420	697	259	224	739	156	239	264	793	662	175	287	695	473	345	182	199	301	612	183	278	430	1363	240	986	390	315	296	471	525	435	1286	844	456	186	758	491	108
T[C>T]A	625	690	365	475	816	566	626	490	270	396	790	521	383	2783	215	335	1687	228	294	875	277	153	605	386	190	268	383	686	3	416	351	274	127	622	680	367	421	319	1076	138	290	65	487	249	2116	440	254	162	507	707	218	377	304	483	608	2185	437	622	415	532	824	320	249	794	258	383	473	657	540	292	445	1983	533	493	403	679	496	786	366	393	718	1684	438	2841	667	549	475	496	523	1204	791	844	503	194	1527	1845	123
T[C>T]C	344	447	223	333	342	360	438	373	176	293	465	216	286	991	209	241	864	191	250	376	194	150	366	221	148	223	289	403	1	269	321	158	99	415	429	304	326	202	551	171	211	51	342	189	850	346	140	76	387	443	192	268	207	341	415	650	162	457	278	188	393	232	240	603	190	239	269	358	391	242	237	677	317	347	288	257	274	273	276	239	535	666	363	887	460	419	337	199	416	892	631	393	388	136	820	490	131
T[C>T]G	478	459	163	506	285	396	308	355	304	337	364	281	330	533	294	307	719	117	467	430	261	251	289	244	145	185	292	246	4	223	319	176	142	285	401	206	283	264	429	183	122	63	450	378	864	570	133	109	232	414	238	233	350	390	386	449	148	393	384	282	292	360	270	459	209	261	263	270	348	339	233	391	267	481	401	304	254	404	472	256	231	789	444	697	391	398	415	154	379	333	625	313	424	262	502	418	140
T[C>T]T	529	652	334	454	608	454	599	499	304	468	685	398	355	1729	235	321	1300	233	315	616	256	175	536	265	184	263	379	604	1	352	382	231	118	512	611	394	418	280	894	169	274	67	439	253	1542	502	215	128	496	641	239	349	279	433	613	1333	299	581	388	347	582	321	268	767	237	331	414	494	512	261	322	1311	457	491	352	451	450	500	384	367	623	1141	456	1656	685	524	432	343	480	1192	831	623	481	189	1312	1074	153
T[T>A]A	266	296	171	233	154	258	248	365	167	169	387	134	220	386	144	177	384	83	226	347	191	162	228	119	120	207	147	131	0	177	201	56	81	167	368	204	408	157	309	54	130	40	317	182	309	237	101	64	339	308	130	283	191	212	225	330	94	221	195	107	188	179	148	297	123	135	215	277	370	177	132	296	277	254	267	129	192	139	232	152	267	392	243	289	378	259	237	98	263	568	773	161	294	129	372	64	70
T[T>A]C	97	148	61	73	64	88	125	128	62	186	118	50	104	264	65	82	209	39	65	155	59	79	155	39	55	105	92	165	1	105	126	22	24	90	111	73	84	60	97	32	54	13	158	50	116	78	44	28	153	144	55	166	81	81	74	240	55	82	71	38	116	73	38	147	42	53	88	167	180	58	44	231	134	103	79	62	72	71	60	64	304	168	68	101	152	115	185	57	137	432	350	97	110	51	289	20	43
T[T>A]G	60	89	30	49	37	42	78	95	44	75	77	47	56	194	49	51	107	17	64	117	51	40	77	31	36	83	39	62	0	44	71	19	17	61	70	48	58	49	59	33	50	8	82	41	88	52	37	12	85	85	22	114	53	72	53	123	35	55	53	21	71	49	30	124	31	40	61	111	115	47	36	158	105	97	60	41	60	46	42	54	186	101	53	64	90	86	98	44	92	217	249	60	100	27	138	18	31
T[T>A]T	320	493	116	170	230	213	405	399	157	586	519	172	398	582	295	266	765	140	223	403	171	293	527	105	174	271	304	618	0	378	424	73	51	221	372	168	273	102	355	81	185	37	513	126	322	232	145	85	423	421	111	715	215	254	189	889	84	285	138	90	285	247	129	373	149	176	332	361	537	192	126	707	349	316	301	199	200	164	205	222	828	632	241	317	563	440	530	150	447	1305	1184	243	294	175	994	62	87
T[T>C]A	237	357	148	195	125	266	315	360	130	245	281	141	221	528	145	181	408	101	192	436	140	173	371	128	95	354	165	249	0	168	225	66	51	231	282	148	287	146	210	88	203	45	355	154	219	214	81	83	275	306	109	545	175	211	181	542	86	280	147	66	169	210	137	341	123	116	235	367	792	156	103	532	188	389	216	127	191	236	165	183	399	417	215	205	355	248	312	74	320	763	1911	188	229	147	645	55	63
T[T>C]C	238	394	105	190	185	219	283	266	97	553	364	106	198	466	230	245	426	86	172	287	144	213	398	90	163	237	226	435	1	348	335	49	45	169	274	162	309	128	265	62	74	38	389	164	212	214	88	54	417	320	87	519	177	153	146	614	74	154	115	70	187	126	93	305	160	121	216	203	366	156	69	457	259	225	226	139	134	122	138	149	665	467	213	220	358	314	453	87	247	1614	957	168	214	132	767	51	55
T[T>C]G	138	245	59	95	113	129	178	189	72	308	204	85	131	301	138	137	247	53	86	199	88	131	239	67	70	153	133	245	0	197	186	25	22	113	180	121	149	88	161	45	63	18	197	91	113	111	46	24	248	183	56	291	96	113	99	422	46	125	64	42	131	91	61	176	69	59	160	162	297	115	41	242	158	160	134	66	66	93	68	100	418	285	125	133	227	194	247	49	188	1028	670	137	129	73	519	33	33
T[T>C]T	400	647	154	263	319	254	476	510	170	930	601	174	378	737	456	453	677	138	266	403	252	442	740	137	234	335	384	834	1	517	631	80	84	298	428	301	348	192	472	84	172	61	568	195	386	301	112	87	659	550	156	836	243	224	237	1264	99	270	178	110	353	213	140	514	207	202	456	370	639	228	102	853	398	324	397	193	171	191	314	238	1003	836	311	366	636	639	694	108	463	2157	1281	330	344	211	1251	66	82
T[T>G]A	125	168	61	86	60	113	170	203	50	95	160	67	92	324	67	84	290	58	108	319	86	90	153	60	63	232	72	109	0	99	117	21	24	96	127	55	184	45	87	34	56	21	201	75	112	106	31	46	170	150	47	356	98	106	78	297	49	161	56	30	94	131	54	202	51	53	106	268	522	85	48	247	97	210	96	54	109	150	65	86	257	263	82	76	177	120	180	50	157	413	1556	76	124	84	306	33	52
T[T>G]C	104	180	34	41	66	52	129	169	32	230	195	55	106	301	96	118	299	50	49	145	48	111	201	39	100	121	97	279	1	171	212	20	9	100	110	59	101	30	104	25	46	10	246	32	81	84	25	36	281	136	25	430	50	77	55	397	23	73	34	12	131	65	27	137	52	53	91	109	206	64	31	274	117	112	100	70	46	79	50	53	625	316	69	91	165	146	285	27	152	950	883	72	89	75	494	18	20
T[T>G]G	117	162	59	90	60	94	180	196	65	138	162	48	78	354	82	115	240	44	71	186	81	81	147	51	63	128	100	196	1	106	129	20	31	101	128	90	102	58	119	24	63	18	183	58	112	81	52	30	208	160	38	251	86	82	99	273	46	86	74	28	88	69	53	206	52	46	111	148	247	66	51	237	155	143	102	62	69	61	60	60	373	233	80	93	174	144	183	56	160	659	639	104	122	77	333	29	29
T[T>G]T	1192	3044	178	442	966	351	1426	2048	242	3046	2747	465	1610	2021	1386	1766	3918	517	328	1061	513	1523	3055	306	914	940	1400	3816	0	2179	3189	83	86	1084	1466	855	1046	260	1303	72	270	86	3066	197	687	957	213	309	2884	1862	231	4677	537	580	401	5838	151	801	186	216	1728	542	179	1578	687	569	1615	645	2063	792	208	3652	1061	1129	1185	657	380	659	509	698	6928	3488	603	1222	1970	2071	3341	129	1487	10980	8482	1000	898	1011	6441	65	125
