Mutation Types	KICH-US_SP123836	KICH-US_SP123840	KICH-US_SP123842	KICH-US_SP123844	KICH-US_SP123846	KICH-US_SP123850	KICH-US_SP123852	KICH-US_SP123854	KICH-US_SP123856	KICH-US_SP123858	KICH-US_SP123870	KICH-US_SP123872	KICH-US_SP123874	KICH-US_SP123876	KICH-US_SP123878	KICH-US_SP123882	KICH-US_SP123884	KICH-US_SP123886	KICH-US_SP123888	KICH-US_SP123890	KICH-US_SP123892	KICH-US_SP123894	KICH-US_SP123897	KICH-US_SP123900	KICH-US_SP123902	KICH-US_SP123950	KICH-US_SP123953	KICH-US_SP123955	KICH-US_SP123958	KICH-US_SP123964	KICH-US_SP123967	KICH-US_SP123969	KICH-US_SP123972	KICH-US_SP123978	KICH-US_SP123984	KICH-US_SP123988	KICH-US_SP123995	KICH-US_SP123998	KICH-US_SP124003	KICH-US_SP124013	KICH-US_SP124017	KICH-US_SP124021	KICH-US_SP124033
A[C>A]A	49	45	45	31	41	73	58	47	29	21	26	66	24	57	45	80	96	10	35	26	45	76	34	47	30	73	49	26	43	72	20	108	131	27	36	80	51	35	18	27	30	43	28
A[C>A]C	21	27	31	28	27	35	28	27	20	9	14	28	22	43	17	46	35	10	19	26	25	45	17	18	24	32	24	20	24	34	22	46	85	18	20	38	31	29	16	20	13	24	19
A[C>A]G	7	4	6	6	6	10	7	3	5	4	2	5	5	4	8	6	7	1	5	5	13	2	2	11	9	6	4	6	6	8	3	2	9	4	3	8	9	7	5	0	4	5	6
A[C>A]T	21	16	27	17	33	37	24	32	23	11	8	24	17	28	19	35	50	7	19	18	24	39	20	27	20	34	30	17	28	30	13	57	113	19	19	39	28	24	4	10	12	21	25
A[C>G]A	18	16	22	11	20	21	23	14	11	5	6	22	7	13	14	28	21	1	15	9	22	21	6	8	17	12	7	6	11	15	7	18	88	14	8	26	12	17	9	9	11	9	15
A[C>G]C	15	9	9	12	9	8	5	11	5	6	2	11	2	9	7	10	12	7	1	5	7	16	4	5	8	7	10	3	6	3	6	7	43	5	6	15	6	7	4	11	2	8	2
A[C>G]G	5	7	2	4	1	0	1	9	0	1	5	2	1	4	2	7	4	2	2	2	2	1	2	4	5	2	1	2	4	3	1	5	9	3	6	3	3	2	1	4	1	3	2
A[C>G]T	25	11	13	8	13	19	10	17	11	6	9	32	20	14	9	17	25	0	3	7	7	24	6	20	19	17	9	7	8	17	9	20	93	10	7	32	14	11	6	3	3	17	7
A[C>T]A	34	31	61	47	51	57	49	40	32	14	15	45	36	51	39	38	34	12	11	34	42	48	26	44	50	35	38	35	26	40	6	51	126	17	21	87	54	28	21	20	20	25	29
A[C>T]C	17	15	38	27	28	33	19	16	25	10	10	26	21	16	16	16	24	7	14	17	14	32	20	24	26	19	38	34	19	20	10	21	61	16	14	40	23	29	8	10	17	14	17
A[C>T]G	217	197	83	142	161	157	216	80	48	87	110	263	101	82	49	246	216	43	88	69	215	164	217	70	63	110	153	74	39	171	75	193	140	73	116	267	139	173	37	77	107	106	160
A[C>T]T	30	20	48	26	39	33	36	32	25	8	18	24	21	33	24	43	38	12	14	22	26	25	17	25	39	19	34	27	13	25	17	46	92	19	14	69	31	26	20	16	14	20	14
A[T>A]A	13	9	27	15	30	16	23	11	15	9	8	21	17	22	11	12	22	8	15	14	8	27	29	27	28	25	17	5	17	25	9	18	50	19	13	28	20	25	12	8	12	17	14
A[T>A]C	13	10	12	7	17	18	14	14	8	6	10	19	14	13	9	9	16	2	4	10	16	19	14	8	14	12	13	7	10	15	4	12	30	8	9	17	13	20	9	7	5	17	13
A[T>A]G	13	12	15	11	22	26	16	13	16	8	6	22	18	23	9	17	19	7	7	19	21	17	21	11	14	22	30	14	8	13	15	16	41	10	8	34	21	12	4	12	7	20	9
A[T>A]T	18	18	22	12	17	23	18	16	12	12	6	23	17	21	13	10	14	6	4	14	16	14	24	25	23	20	11	16	11	16	8	23	86	15	14	32	16	31	13	6	9	17	5
A[T>C]A	47	38	41	26	34	37	34	26	27	23	15	37	34	33	21	34	31	14	19	33	22	31	19	39	40	33	19	37	12	32	20	29	132	19	18	63	33	33	16	26	10	27	21
A[T>C]C	12	13	10	6	17	11	7	8	9	5	5	19	18	14	8	11	6	4	4	5	11	13	7	8	9	11	7	12	3	12	5	8	55	12	6	22	6	9	2	5	4	10	5
A[T>C]G	28	23	15	10	22	25	10	20	14	12	4	23	15	34	16	20	13	17	11	19	16	27	10	19	27	11	16	18	8	25	20	21	79	17	13	48	22	24	13	20	4	23	13
A[T>C]T	45	22	33	30	30	24	30	31	33	13	15	36	26	32	26	24	45	14	12	34	36	43	21	37	58	32	18	49	10	22	21	26	129	21	19	67	23	44	17	23	11	24	30
A[T>G]A	9	3	8	6	13	8	9	3	5	2	2	8	6	10	8	6	5	2	2	12	7	8	5	5	9	9	6	4	5	2	5	5	47	1	6	18	3	10	3	2	5	4	3
A[T>G]C	4	5	2	0	5	2	3	2	2	0	0	2	4	6	6	2	4	2	1	3	5	3	2	6	4	3	3	1	4	3	6	4	47	0	3	14	1	1	0	2	3	3	1
A[T>G]G	7	6	14	7	5	7	6	8	4	5	1	6	4	12	4	6	8	3	1	11	6	13	6	5	11	6	4	4	4	9	5	7	50	2	8	19	8	11	2	8	3	4	9
A[T>G]T	9	7	11	13	7	10	7	10	4	4	1	10	11	15	8	17	6	3	5	11	11	11	7	16	13	17	9	5	4	10	9	7	218	7	9	39	9	9	7	8	2	6	5
C[C>A]A	23	25	32	29	25	42	35	21	16	9	16	40	18	32	20	39	33	7	23	22	13	40	16	26	27	33	21	26	19	28	13	64	128	18	19	48	22	18	14	11	13	22	14
C[C>A]C	20	18	22	19	32	24	20	24	17	6	11	15	23	23	22	24	18	3	17	13	17	23	11	18	24	13	13	21	12	19	11	21	97	5	11	20	23	24	8	14	15	22	4
C[C>A]G	4	1	4	6	5	8	0	1	7	2	1	6	3	7	4	7	5	1	1	1	1	7	5	5	3	1	2	6	2	3	7	4	16	4	9	9	4	4	9	3	1	2	4
C[C>A]T	18	13	23	12	15	21	25	14	16	7	8	28	10	22	10	29	31	5	8	19	17	27	18	8	10	21	21	8	13	22	8	60	93	9	15	25	14	13	8	8	10	21	10
C[C>G]A	12	7	6	9	6	15	9	7	5	5	5	13	4	8	6	10	10	2	0	6	5	14	4	8	10	4	8	6	5	11	4	12	66	5	3	16	6	7	3	2	3	5	4
C[C>G]C	9	9	10	7	10	11	3	4	4	4	3	9	4	15	4	8	5	2	9	4	1	13	7	8	10	7	7	2	1	6	2	6	52	5	4	14	10	3	5	5	5	7	3
C[C>G]G	0	2	0	0	5	1	1	2	2	0	0	1	1	1	3	3	1	0	2	0	1	3	0	0	3	0	2	4	0	1	0	1	11	0	0	1	3	1	2	1	1	1	1
C[C>G]T	21	8	16	1	13	11	9	17	7	4	5	36	8	16	8	9	9	4	4	13	10	19	8	12	13	10	8	16	6	14	5	14	69	10	5	33	12	6	8	3	4	11	6
C[C>T]A	32	29	37	29	38	28	33	27	21	14	6	41	21	22	16	27	33	6	15	20	25	32	22	24	24	30	32	23	19	31	17	31	93	13	15	78	33	43	18	12	17	26	19
C[C>T]C	35	20	39	40	32	35	31	18	18	12	16	36	30	35	13	32	43	10	10	17	23	31	22	28	33	33	35	37	19	35	14	27	73	15	20	63	36	33	22	13	19	22	25
C[C>T]G	93	95	42	56	67	86	76	45	18	39	38	115	55	39	26	100	77	19	44	36	88	95	93	35	29	40	77	40	23	81	32	89	83	29	51	158	95	69	29	41	51	45	98
C[C>T]T	39	49	62	46	34	32	36	33	27	14	20	49	47	42	28	44	33	7	20	31	29	39	23	31	38	24	29	33	20	39	20	31	106	13	27	67	47	34	14	16	12	21	38
C[T>A]A	8	6	15	11	20	11	14	8	13	3	3	11	7	8	9	4	11	2	9	7	7	12	10	6	5	10	9	9	6	8	6	10	27	3	4	17	4	11	2	2	8	7	4
C[T>A]C	9	8	13	7	13	15	4	7	5	3	4	17	7	8	12	12	11	4	5	7	9	10	15	5	22	6	6	4	6	16	4	12	73	4	8	19	10	7	11	7	10	11	13
C[T>A]G	18	7	14	20	18	9	21	11	5	5	5	12	7	16	14	15	16	6	3	13	11	16	13	15	19	17	4	5	3	13	10	11	49	4	6	28	10	11	12	7	6	14	10
C[T>A]T	11	10	15	10	16	9	13	9	11	6	3	19	7	17	13	13	9	3	3	6	11	23	10	14	18	9	9	7	3	14	2	10	166	10	7	21	11	18	6	4	6	7	6
C[T>C]A	15	9	17	11	19	10	12	9	6	8	6	16	7	11	8	7	10	4	1	8	8	12	9	16	12	13	13	6	8	15	12	13	81	4	6	29	13	6	11	5	6	13	8
C[T>C]C	20	11	11	12	15	6	12	4	4	5	6	16	14	13	14	8	8	7	3	6	9	17	10	8	15	8	6	12	4	11	1	11	254	12	4	16	7	9	4	3	4	15	6
C[T>C]G	13	14	3	10	15	13	10	15	1	3	4	16	9	18	4	8	9	4	6	5	6	10	9	13	14	9	11	7	3	10	4	17	167	5	11	11	11	13	8	6	12	9	7
C[T>C]T	19	8	18	15	10	19	15	9	10	5	3	14	5	22	9	16	10	2	6	7	10	30	11	13	10	11	4	13	4	11	3	15	652	4	9	26	14	17	3	10	9	7	17
C[T>G]A	6	1	2	1	9	4	4	2	2	1	0	5	2	2	4	6	2	1	1	4	1	4	3	3	4	2	3	2	1	3	1	4	33	0	0	12	5	1	1	1	3	7	5
C[T>G]C	4	4	6	6	2	2	3	3	2	2	0	4	2	6	2	7	5	2	5	2	9	4	4	3	11	6	2	5	1	7	3	2	111	6	5	10	5	2	3	4	1	5	8
C[T>G]G	6	3	7	7	12	1	8	8	4	4	4	3	9	7	6	11	7	4	3	4	5	9	2	10	11	4	11	3	0	7	1	9	80	3	2	7	9	5	3	3	2	5	4
C[T>G]T	6	5	7	5	8	6	10	10	4	3	0	6	10	13	11	8	6	2	4	13	10	11	5	7	9	4	11	5	2	10	5	11	1192	7	5	15	6	7	8	6	2	6	3
G[C>A]A	23	16	35	22	15	24	26	17	21	6	11	43	14	21	16	38	34	8	15	10	16	27	24	16	18	23	16	14	21	24	13	59	77	13	9	39	18	24	14	10	18	16	13
G[C>A]C	14	12	15	12	14	25	24	14	7	5	9	24	13	18	12	14	26	6	18	11	10	18	14	11	16	20	12	10	20	16	5	30	46	5	11	26	16	16	6	10	15	13	5
G[C>A]G	3	4	3	2	1	10	2	4	7	4	4	5	1	6	6	6	4	1	2	5	1	4	1	3	3	3	3	3	3	6	1	6	5	1	2	2	7	4	2	1	1	7	1
G[C>A]T	16	13	15	18	15	18	12	21	7	6	8	19	11	26	12	14	13	4	9	11	12	24	7	14	12	16	13	11	9	14	10	57	75	6	9	23	17	17	7	7	11	19	7
G[C>G]A	11	4	10	8	9	12	5	9	6	4	3	10	0	7	4	5	4	2	4	4	2	10	4	9	5	3	7	3	4	9	4	11	39	3	3	13	9	5	2	3	3	5	5
G[C>G]C	17	8	12	4	8	6	3	4	6	1	6	26	3	8	6	9	16	4	2	10	8	13	4	7	5	6	0	7	3	10	6	6	26	1	2	13	11	10	4	5	4	9	5
G[C>G]G	4	1	2	1	1	2	0	1	0	0	2	0	1	3	1	3	1	1	1	0	0	3	0	0	2	3	3	1	1	1	0	0	9	0	1	2	2	1	2	1	1	1	2
G[C>G]T	8	8	4	4	10	6	9	7	3	2	0	10	10	12	7	9	11	3	1	9	6	15	6	7	5	5	5	7	3	5	3	12	45	0	6	13	6	4	3	2	2	8	3
G[C>T]A	44	26	30	32	30	28	25	24	22	23	10	43	29	24	25	37	19	11	18	18	23	28	22	25	22	31	33	20	10	34	12	41	90	16	16	66	34	32	24	13	17	19	27
G[C>T]C	34	25	34	33	27	30	24	20	27	7	9	43	16	28	20	20	40	6	14	20	21	16	28	24	26	17	27	26	17	31	8	30	78	15	20	68	43	29	19	22	15	16	18
G[C>T]G	122	122	49	69	87	88	146	55	24	46	65	159	81	42	38	146	133	25	47	41	126	103	165	47	25	45	130	50	25	111	45	122	105	40	78	175	99	81	24	38	71	53	107
G[C>T]T	18	27	33	33	25	28	30	17	17	9	14	33	24	28	12	33	28	5	11	17	12	37	29	35	27	21	30	23	21	29	12	23	82	7	22	65	41	34	23	16	12	16	23
G[T>A]A	15	6	5	7	12	10	15	10	6	2	5	13	17	9	8	10	7	4	6	7	11	9	7	6	9	9	8	3	7	5	4	6	27	7	4	9	8	10	6	4	3	13	9
G[T>A]C	14	2	3	4	7	10	9	9	8	2	2	9	6	6	0	7	4	3	1	3	3	11	7	6	11	3	5	7	3	5	5	7	38	5	7	11	4	17	5	2	7	9	5
G[T>A]G	11	8	11	11	18	22	9	12	8	2	4	9	8	9	3	9	5	4	3	2	11	17	7	3	11	17	10	7	6	11	4	10	21	3	3	11	9	15	2	6	6	8	16
G[T>A]T	12	6	8	6	10	12	8	7	3	4	1	15	6	12	5	10	5	2	5	8	9	15	11	10	11	6	4	5	4	5	4	7	56	7	7	12	7	11	4	3	7	3	4
G[T>C]A	22	9	20	11	19	10	9	10	5	6	3	21	21	19	10	13	13	4	5	6	10	20	8	11	29	9	20	9	0	12	9	17	63	12	10	34	20	21	9	5	14	17	11
G[T>C]C	19	7	13	9	11	7	5	5	7	3	1	18	9	8	6	6	5	5	3	4	7	13	10	5	12	10	11	5	2	9	5	8	76	7	7	12	9	3	7	4	7	7	7
G[T>C]G	12	5	10	11	12	10	9	15	3	11	4	12	10	15	13	12	6	2	3	17	5	12	9	10	20	10	9	14	2	13	1	5	70	6	4	17	10	6	6	6	7	9	7
G[T>C]T	24	15	11	22	21	22	23	19	18	10	9	22	17	24	8	19	13	4	11	12	12	20	14	14	33	17	20	21	6	16	7	12	138	15	9	34	20	19	7	8	15	14	20
G[T>G]A	4	5	3	1	0	3	3	6	2	2	0	6	8	1	3	3	0	3	0	1	2	7	4	5	3	3	2	4	2	1	2	2	18	2	1	5	3	2	2	2	1	1	1
G[T>G]C	1	3	0	2	4	6	3	1	0	0	2	2	3	5	6	0	1	0	1	1	4	2	1	6	5	1	3	0	0	1	1	1	42	1	3	4	3	1	0	0	0	1	1
G[T>G]G	7	7	12	6	8	12	4	9	5	3	6	11	7	8	11	12	10	2	8	6	9	4	3	5	5	9	5	3	6	3	6	10	51	7	5	11	6	6	4	6	2	7	3
G[T>G]T	5	4	2	7	8	6	5	2	0	2	3	7	4	5	3	2	7	1	1	2	3	4	1	8	4	8	3	0	1	4	3	3	332	0	2	7	4	5	8	4	1	1	1
T[C>A]A	31	21	21	19	30	39	34	27	11	13	16	58	17	17	22	33	45	6	13	20	32	45	18	25	27	44	27	13	24	40	12	75	120	16	8	58	31	37	10	15	18	19	13
T[C>A]C	25	19	29	17	24	40	29	26	18	12	17	36	21	42	21	42	51	7	18	13	16	42	24	22	21	29	28	18	20	29	12	47	102	17	15	45	35	26	10	17	12	23	17
T[C>A]G	3	5	4	2	6	5	3	1	10	3	6	12	4	4	4	9	5	4	8	1	2	3	3	3	5	6	5	2	6	9	2	12	12	2	4	6	6	3	0	3	4	6	4
T[C>A]T	51	18	22	20	31	43	32	29	13	19	13	60	17	41	21	48	59	10	19	16	27	47	55	29	28	28	37	10	28	28	12	116	166	19	15	51	33	40	15	13	21	27	19
T[C>G]A	58	16	12	14	21	18	21	30	12	10	6	97	16	14	5	17	29	5	8	9	8	67	8	10	14	16	19	17	16	25	10	37	109	12	4	31	13	41	13	5	8	38	7
T[C>G]C	31	7	13	12	17	16	13	17	4	11	5	44	13	9	8	22	26	8	8	10	10	41	11	10	16	16	10	10	8	23	8	19	97	9	5	26	11	26	10	6	12	29	14
T[C>G]G	4	3	2	0	2	2	1	3	3	0	0	5	2	0	1	5	0	0	1	4	4	3	3	3	3	3	4	1	2	4	1	3	11	1	1	5	2	0	5	1	1	3	3
T[C>G]T	93	39	22	18	32	45	50	43	8	17	19	145	35	31	18	39	72	6	11	19	40	125	35	19	19	42	37	31	21	66	12	63	204	10	16	59	41	50	12	16	22	64	22
T[C>T]A	70	36	43	27	29	55	31	56	20	17	18	212	34	29	31	39	59	15	19	26	41	173	36	39	31	54	61	27	36	55	33	87	192	21	20	89	49	88	22	25	23	69	37
T[C>T]C	69	39	43	43	40	47	44	44	35	24	21	153	48	37	31	42	58	22	20	25	34	93	35	45	30	49	50	29	31	52	17	57	150	16	18	90	60	73	21	18	32	57	30
T[C>T]G	77	70	28	50	69	71	79	38	17	35	41	118	53	37	17	84	67	19	34	33	89	80	146	26	25	63	76	37	19	78	22	72	76	29	35	116	57	60	19	30	53	52	84
T[C>T]T	50	28	42	27	52	36	33	40	24	14	22	187	23	34	22	30	66	23	25	28	31	147	38	35	22	41	67	28	40	68	19	82	188	29	26	91	55	54	20	23	28	48	29
T[T>A]A	11	9	18	7	22	12	21	19	14	10	4	19	10	20	12	12	12	4	5	6	12	17	47	17	17	8	16	4	7	13	11	17	61	11	3	20	15	17	10	6	5	21	14
T[T>A]C	9	7	8	11	14	9	13	15	4	4	6	15	7	9	12	11	10	5	3	7	19	15	6	18	8	9	8	7	12	14	2	15	45	1	2	22	11	10	4	7	7	17	6
T[T>A]G	3	9	17	12	15	11	5	8	3	5	7	10	8	11	8	14	3	0	4	12	9	12	4	8	17	6	12	7	3	9	3	14	29	9	7	26	7	5	6	6	5	10	7
T[T>A]T	16	17	22	13	32	31	20	11	9	4	6	15	15	32	15	18	17	4	8	13	11	25	23	16	24	28	17	13	15	21	3	19	114	8	13	38	24	22	10	11	13	15	18
T[T>C]A	29	19	15	13	20	17	13	12	13	8	2	29	23	13	11	12	19	5	3	21	19	20	9	12	22	14	9	22	4	18	10	19	100	9	5	25	14	12	9	9	5	21	18
T[T>C]C	19	6	8	8	13	12	7	7	7	7	1	18	11	9	12	11	15	5	4	7	8	20	12	6	10	9	10	10	4	10	3	9	103	7	6	12	5	17	7	3	6	10	13
T[T>C]G	18	14	3	8	14	4	5	4	2	3	2	8	6	15	9	9	11	3	4	10	5	11	7	6	18	6	11	4	2	4	6	11	78	4	8	8	7	10	7	6	5	7	12
T[T>C]T	33	18	17	11	25	15	18	12	19	6	9	30	17	16	27	23	18	11	8	16	13	37	18	18	45	27	13	13	10	17	8	20	176	14	9	45	17	24	11	11	5	22	16
T[T>G]A	14	8	9	0	8	7	6	7	5	4	4	5	4	6	7	8	11	6	1	7	8	9	2	10	15	7	4	8	2	11	4	7	48	5	7	17	11	4	2	2	2	6	1
T[T>G]C	2	3	8	4	3	4	5	5	6	1	3	6	9	10	5	10	5	3	0	13	12	7	4	4	10	2	5	5	4	3	4	6	58	6	7	22	4	2	3	6	2	5	5
T[T>G]G	9	6	15	6	4	9	12	7	7	3	5	9	7	8	12	15	7	2	1	11	8	9	3	6	17	4	5	4	4	6	9	11	66	3	5	27	7	9	5	3	4	8	3
T[T>G]T	11	19	22	17	16	16	13	15	10	8	6	21	17	29	13	24	17	11	5	22	24	23	14	19	16	17	23	8	7	20	13	14	511	11	10	45	13	19	14	17	9	18	7
