Mutation Types	LUAD-US_SP50263	LUAD-US_SP50317	LUAD-US_SP50321	LUAD-US_SP50406	LUAD-US_SP50412	LUAD-US_SP50485	LUAD-US_SP50518	LUAD-US_SP50592	LUAD-US_SP50611	LUAD-US_SP50713	LUAD-US_SP50827	LUAD-US_SP51037	LUAD-US_SP51446	LUAD-US_SP51824	LUAD-US_SP52232	LUAD-US_SP52284	LUAD-US_SP52607	LUAD-US_SP52667	LUAD-US_SP52779	LUAD-US_SP53073	LUAD-US_SP53387	LUAD-US_SP53548	LUAD-US_SP53618	LUAD-US_SP53810	LUAD-US_SP54113	LUAD-US_SP54363	LUAD-US_SP54745	LUAD-US_SP55004	LUAD-US_SP55142	LUAD-US_SP55235	LUAD-US_SP55309	LUAD-US_SP55387	LUAD-US_SP55509	LUAD-US_SP55711	LUAD-US_SP56079	LUAD-US_SP56168	LUAD-US_SP56303
A[C>A]A	217	331	558	13	24	42	137	95	2502	345	1727	61	119	601	1020	117	66	1304	1631	723	1276	77	2954	7680	4163	1699	646	16	5421	4135	40	969	3231	161	1790	302	550
A[C>A]C	136	183	378	5	29	30	95	50	1610	264	1164	57	94	413	684	74	67	917	957	507	819	39	1801	5046	2514	966	420	5	3469	2660	20	546	1956	121	1246	191	282
A[C>A]G	38	35	145	0	7	9	9	16	651	94	429	13	21	156	275	12	10	359	437	173	235	8	799	2211	998	365	132	2	1115	967	5	197	801	14	520	42	38
A[C>A]T	130	219	376	7	19	21	92	52	1750	208	1167	42	73	401	659	59	27	906	1074	452	909	42	1952	5220	2547	1147	403	8	3647	2849	23	643	2235	106	1304	183	296
A[C>G]A	106	113	99	5	9	12	53	26	710	90	413	35	23	201	322	32	21	310	305	162	297	22	689	1380	1377	363	199	2	1659	1361	11	260	735	45	520	142	124
A[C>G]C	67	75	55	1	6	4	32	25	279	46	174	11	13	94	142	32	15	158	173	96	142	18	253	604	528	154	107	1	722	603	10	97	299	24	248	94	73
A[C>G]G	31	14	18	0	4	1	16	4	136	20	72	5	3	31	61	4	4	91	51	34	50	1	111	337	234	63	34	0	307	253	3	37	119	13	94	16	18
A[C>G]T	97	92	85	3	16	16	49	40	477	73	299	26	36	162	224	42	24	205	229	141	258	20	393	892	888	304	177	4	1197	885	13	174	428	61	330	149	165
A[C>T]A	200	208	210	16	49	55	126	86	627	193	566	67	116	328	340	113	65	448	534	301	580	163	803	2022	1723	571	413	17	2252	1546	41	282	919	152	625	364	241
A[C>T]C	116	90	89	8	30	32	50	49	345	89	250	38	70	169	173	63	48	218	240	155	250	75	424	1073	723	236	196	7	953	781	17	148	402	81	333	176	169
A[C>T]G	450	234	135	49	94	158	265	294	314	117	308	319	271	306	196	150	218	168	273	173	236	154	330	569	423	265	230	31	747	534	148	121	280	296	251	263	368
A[C>T]T	133	160	140	13	21	39	101	85	439	85	321	56	74	240	234	67	45	297	304	197	278	58	479	1094	1082	331	226	6	1524	990	20	191	490	90	356	219	196
A[T>A]A	66	113	122	2	25	23	53	53	417	87	403	41	86	237	216	43	34	268	393	238	344	23	576	1992	994	367	217	7	1379	1003	13	210	612	79	371	134	109
A[T>A]C	66	67	66	4	29	21	41	44	219	53	170	31	55	114	126	61	51	178	171	99	168	41	239	755	353	146	145	4	550	414	28	97	245	56	190	109	99
A[T>A]G	75	90	159	6	24	23	34	49	570	138	408	41	58	257	296	43	41	367	390	243	324	24	622	2358	1033	375	193	2	1358	1099	12	187	678	64	504	105	134
A[T>A]T	135	144	100	8	33	26	84	82	320	76	269	76	80	222	150	70	37	225	248	181	267	73	361	1174	642	299	294	12	1024	745	17	149	427	103	259	165	148
A[T>C]A	182	195	177	6	74	63	113	116	654	196	603	91	124	499	367	101	77	388	592	504	418	111	933	1854	2085	550	367	22	2909	1987	41	391	1123	136	619	267	183
A[T>C]C	82	64	33	4	23	20	38	61	99	39	102	23	34	100	68	34	27	103	99	114	93	61	171	297	337	115	147	5	519	348	8	62	129	45	127	88	82
A[T>C]G	117	114	122	5	33	37	86	73	452	145	391	50	72	348	273	59	53	268	365	336	309	71	601	1198	1486	369	237	6	1798	1268	16	142	669	86	451	156	131
A[T>C]T	174	148	145	8	79	66	109	109	293	108	327	96	101	293	196	102	52	217	290	282	283	83	443	823	1076	300	303	12	1306	953	43	195	488	139	334	237	219
A[T>G]A	35	25	28	4	10	13	21	28	94	31	123	14	15	82	63	19	11	59	85	58	113	35	104	260	250	66	93	2	336	232	5	41	105	35	84	67	44
A[T>G]C	16	14	3	0	9	5	18	14	18	10	41	15	7	43	19	8	9	21	27	29	33	93	22	61	63	28	121	0	144	83	7	15	32	14	36	33	32
A[T>G]G	46	42	26	2	5	8	31	14	68	18	81	13	12	50	64	16	10	87	78	65	87	31	119	443	195	73	96	0	341	243	9	40	105	28	107	45	71
A[T>G]T	60	49	18	5	16	8	31	26	58	22	77	20	18	52	40	29	8	63	41	148	74	551	55	141	192	67	1078	0	358	311	6	33	71	32	85	72	81
C[C>A]A	148	239	745	6	24	33	110	56	3355	467	2273	37	80	873	1445	49	54	1911	2174	1009	1717	56	3998	13118	5792	2075	817	4	7349	6091	22	1325	4205	124	2830	292	476
C[C>A]C	134	184	602	4	22	13	73	42	3202	460	2047	31	68	760	1433	53	52	2030	1869	883	1466	30	3614	12729	4743	1732	646	6	6214	5121	12	969	3568	65	2764	220	245
C[C>A]G	26	39	148	2	5	5	13	9	782	119	545	4	17	211	360	14	8	529	505	241	354	5	951	3480	1150	425	154	3	1383	1324	1	243	917	9	665	39	58
C[C>A]T	122	240	607	7	15	25	82	48	2956	386	1952	34	50	721	1185	62	34	1760	1846	822	1390	48	3323	12544	4336	1828	641	9	6257	5097	12	1031	3417	77	2355	251	297
C[C>G]A	64	83	85	3	8	8	46	16	553	83	297	14	19	161	264	15	17	323	310	146	254	10	527	1382	1097	319	153	1	1281	1136	3	107	526	37	436	135	80
C[C>G]C	58	54	78	0	8	7	48	17	413	79	251	6	20	127	206	23	10	299	212	124	192	15	437	1302	723	212	108	4	899	833	7	88	411	36	377	91	86
C[C>G]G	26	14	32	1	1	7	18	4	170	32	105	4	5	64	76	6	1	122	96	48	76	2	190	565	333	81	50	1	381	331	3	42	173	8	172	19	30
C[C>G]T	88	94	82	1	13	16	57	30	464	92	280	22	28	193	225	35	18	286	260	147	225	26	468	1291	980	292	164	4	1354	965	11	140	494	63	435	178	158
C[C>T]A	191	175	219	6	34	50	111	89	931	253	737	73	101	421	499	98	77	637	656	400	844	141	1015	2375	1887	670	555	12	2972	2224	47	378	1030	137	931	496	223
C[C>T]C	122	112	189	10	32	41	93	88	709	182	488	34	92	349	449	100	50	499	448	305	463	87	771	2008	1366	487	351	8	1915	1597	28	249	732	118	719	255	172
C[C>T]G	296	149	100	29	46	95	170	160	279	101	254	207	163	266	210	129	168	192	253	183	206	73	291	609	517	237	245	27	698	636	88	105	287	148	297	214	234
C[C>T]T	149	175	238	12	47	48	126	81	1074	223	703	58	111	478	586	79	63	703	672	380	660	86	1144	2863	2404	669	403	11	3071	2272	33	396	1156	142	974	367	230
C[T>A]A	68	79	133	2	7	16	24	22	570	132	406	21	41	228	288	20	9	383	466	282	338	15	657	2758	1200	372	193	2	1568	1397	5	267	676	42	528	108	87
C[T>A]C	55	85	99	6	17	11	31	22	458	103	319	13	42	181	242	32	34	334	313	266	296	106	477	2330	814	284	311	3	1176	1083	12	165	455	43	467	82	126
C[T>A]G	64	97	245	5	12	14	46	28	1111	201	751	24	54	409	624	24	23	745	704	540	576	60	1266	6048	1941	679	355	5	2515	2557	9	451	1247	36	1132	123	127
C[T>A]T	60	113	111	2	16	14	44	32	486	95	360	43	42	219	255	24	40	354	363	370	338	108	589	2430	1107	362	602	4	1398	1301	13	213	568	42	539	108	141
C[T>C]A	87	66	83	4	18	21	46	36	308	72	247	47	37	194	172	40	24	211	254	279	219	125	453	1124	1155	241	250	5	1502	1103	24	198	453	55	331	108	89
C[T>C]C	78	76	34	3	17	16	46	37	156	45	135	30	29	105	100	50	30	165	129	216	134	328	220	498	445	152	684	7	655	576	10	81	188	46	206	115	120
C[T>C]G	80	56	78	4	16	6	49	37	374	68	247	23	33	243	248	36	35	250	263	301	209	227	388	1056	1111	253	523	5	1203	1013	9	128	436	35	362	112	99
C[T>C]T	108	83	55	4	19	19	54	49	198	33	214	37	34	149	161	39	26	180	169	458	189	435	275	629	836	211	1772	7	1028	962	11	129	279	50	307	128	121
C[T>G]A	21	29	21	0	5	6	15	14	66	17	56	12	8	45	32	11	7	52	55	51	70	47	50	210	195	57	86	0	228	206	1	30	70	14	70	35	27
C[T>G]C	35	17	22	1	7	6	15	16	40	15	47	7	15	25	29	16	8	59	48	101	56	154	59	139	159	51	312	0	220	193	4	15	63	19	62	48	38
C[T>G]G	44	43	49	0	8	10	32	19	175	30	137	10	23	75	84	20	11	151	125	97	96	101	199	704	421	150	235	2	552	454	7	47	188	26	172	58	64
C[T>G]T	81	73	53	1	22	15	55	33	76	22	143	59	18	73	59	26	18	94	49	1021	91	1144	104	183	665	138	3899	2	724	908	9	45	125	54	344	141	113
G[C>A]A	160	373	404	9	22	29	89	59	1869	246	1273	41	78	497	792	114	52	1129	1171	539	893	49	2044	6095	2896	1079	474	9	3490	2928	18	596	2142	118	1426	289	663
G[C>A]C	110	123	307	7	20	21	70	37	1637	233	1099	27	53	417	761	50	42	1083	1022	463	829	24	1930	5676	2708	938	389	4	3124	2607	12	517	1751	58	1389	132	192
G[C>A]G	27	32	105	1	4	3	11	13	543	96	383	6	20	156	280	9	11	378	344	152	200	8	677	2033	922	275	143	0	956	820	6	166	655	14	453	36	54
G[C>A]T	123	237	260	9	10	20	59	44	1263	174	870	25	52	357	499	67	38	769	771	311	655	36	1402	4159	2053	800	339	8	2420	2075	11	383	1409	62	1036	190	412
G[C>G]A	37	40	77	6	4	4	32	12	407	59	229	6	11	125	186	15	6	206	206	97	152	6	355	991	875	198	89	4	837	798	4	118	393	25	355	71	62
G[C>G]C	39	35	65	5	9	5	22	14	342	68	183	15	12	144	171	23	6	192	189	85	193	6	397	921	625	193	113	1	823	658	5	116	347	27	303	79	67
G[C>G]G	14	8	22	1	1	3	2	3	160	25	94	8	2	46	77	5	1	74	86	31	58	2	150	451	282	73	44	1	278	285	2	42	162	1	107	13	15
G[C>G]T	67	58	56	2	6	11	31	16	339	60	173	11	16	116	134	31	11	207	146	75	176	8	265	715	582	174	113	2	763	642	7	103	341	35	279	98	77
G[C>T]A	170	141	133	6	42	35	110	96	367	146	348	67	108	269	219	130	58	284	298	246	404	132	443	1179	1190	372	308	10	1437	981	31	176	469	136	424	353	221
G[C>T]C	150	107	117	12	29	35	101	86	372	110	289	52	106	255	203	97	60	282	238	174	279	105	376	1034	845	283	249	14	979	726	32	126	433	99	366	233	214
G[C>T]G	379	173	107	45	83	109	212	237	290	82	223	239	218	244	168	167	162	150	246	122	246	103	217	441	411	223	203	18	590	434	112	69	270	201	206	216	272
G[C>T]T	137	106	127	11	33	38	98	70	426	128	283	65	106	236	206	79	51	272	306	158	280	61	442	1002	1003	295	261	9	1219	841	37	184	438	76	368	231	187
G[T>A]A	36	54	84	3	2	5	19	9	376	100	292	10	30	174	213	12	21	231	274	195	213	13	439	1785	787	238	128	2	1121	873	3	164	468	24	335	56	52
G[T>A]C	42	45	44	1	14	5	23	19	165	53	144	15	23	75	94	23	19	129	115	96	116	24	187	703	305	111	130	2	408	376	3	66	217	26	155	48	65
G[T>A]G	50	48	116	4	9	8	27	12	537	122	359	13	26	249	272	16	21	351	331	240	274	30	540	2382	1000	325	154	5	1255	1166	10	209	583	34	501	62	66
G[T>A]T	54	60	66	2	11	11	34	22	242	66	186	19	39	150	144	19	25	219	179	160	171	37	288	1058	562	183	194	3	719	592	7	118	313	38	232	76	92
G[T>C]A	106	82	70	8	39	24	45	70	256	98	220	50	69	211	173	52	38	191	242	222	210	50	338	803	1031	251	205	6	1331	867	18	167	432	70	274	136	112
G[T>C]C	68	49	35	5	23	16	47	42	103	35	76	25	44	96	60	38	26	81	87	83	108	56	114	335	242	86	179	3	442	247	17	46	139	42	95	86	65
G[T>C]G	81	52	65	0	12	12	41	43	203	65	155	33	44	156	145	37	26	139	152	158	142	74	253	530	724	173	169	7	864	598	11	80	277	31	226	113	80
G[T>C]T	116	79	67	7	53	23	83	82	173	83	177	54	74	164	125	66	40	131	151	185	162	58	231	419	663	188	285	11	837	533	27	92	257	73	194	130	114
G[T>G]A	14	16	19	0	4	3	12	10	39	14	43	5	6	45	17	11	3	35	39	29	37	11	46	134	134	42	38	1	182	147	1	26	56	14	49	16	41
G[T>G]C	13	14	9	0	5	2	8	5	24	6	22	12	2	26	16	7	8	22	25	38	25	30	26	73	62	28	90	0	103	72	3	12	31	11	30	20	30
G[T>G]G	31	40	32	3	7	5	23	20	92	34	89	15	16	56	78	17	11	132	85	55	95	29	136	568	218	106	112	6	387	325	11	47	132	16	131	48	65
G[T>G]T	46	60	21	2	9	8	26	14	40	22	59	22	10	49	35	20	12	68	36	227	57	307	56	126	190	45	1083	2	321	323	7	27	57	18	86	71	81
T[C>A]A	184	631	442	9	31	32	115	77	1897	301	1537	69	93	620	790	126	63	1056	1408	666	1174	84	2404	7288	3584	1488	892	13	4880	3520	18	789	2627	170	1534	917	636
T[C>A]C	189	343	546	15	20	37	114	82	2207	361	1527	66	100	638	996	122	55	1253	1570	710	1172	61	2724	8090	3805	1472	623	8	4913	3817	20	743	2704	140	1885	474	416
T[C>A]G	28	55	98	0	7	7	20	12	356	61	239	11	16	117	151	21	8	226	233	120	184	13	449	1407	583	221	108	2	672	604	2	126	471	15	324	76	74
T[C>A]T	296	579	488	8	42	44	157	137	2134	302	1618	97	127	662	882	155	68	1223	1598	690	1242	122	2600	8668	3482	1692	804	10	5134	3896	15	815	2762	215	1674	658	830
T[C>G]A	244	1444	131	2	21	11	107	47	661	916	514	52	68	747	282	102	109	307	667	188	1389	36	595	1437	2602	1512	2404	5	6228	1632	13	198	1052	224	581	3219	271
T[C>G]C	154	352	92	3	16	13	64	26	530	272	353	40	41	306	240	56	38	288	331	146	488	22	439	1236	1183	497	532	2	2296	1090	10	180	580	87	488	763	171
T[C>G]G	20	93	26	1	0	1	11	3	97	44	90	5	8	62	46	4	12	58	75	32	124	1	94	324	265	91	158	0	421	247	1	31	136	5	105	129	21
T[C>G]T	356	1710	164	7	27	36	166	83	826	1015	677	114	105	925	381	129	138	450	949	277	1546	58	772	1732	3052	1656	2647	8	6966	2090	31	266	1185	371	876	3543	464
T[C>T]A	369	1544	233	15	49	78	252	196	766	1186	1076	133	259	1323	384	199	263	468	1336	392	5203	206	939	1616	3805	2942	5341	6	8150	3328	67	310	1383	581	905	6523	462
T[C>T]C	233	360	166	12	40	75	181	120	667	414	606	103	166	586	376	176	119	397	578	311	1395	157	739	1542	1673	857	1277	14	3011	1856	35	234	808	260	799	1464	298
T[C>T]G	210	236	60	23	42	71	135	153	155	183	212	133	135	239	103	86	124	127	232	107	483	56	187	330	494	328	696	23	903	579	67	59	227	155	208	762	182
T[C>T]T	257	804	205	12	50	65	205	169	913	692	811	127	198	930	465	185	178	563	996	371	2972	139	933	2034	2821	1767	2945	13	5438	2693	60	347	1166	408	938	3481	347
T[T>A]A	96	129	117	5	23	18	45	67	415	84	340	45	74	220	203	56	16	244	342	253	322	43	485	2038	957	330	213	4	1301	1034	21	205	558	61	396	141	135
T[T>A]C	55	54	55	3	12	11	33	19	201	52	203	20	27	90	112	30	29	155	150	126	143	46	252	1004	388	172	157	0	643	507	3	100	268	28	225	74	93
T[T>A]G	42	40	77	3	8	6	25	19	337	80	306	12	26	187	202	22	17	269	284	215	219	22	432	2076	824	272	158	0	1039	877	7	163	521	30	401	72	68
T[T>A]T	69	148	98	5	19	16	61	47	307	79	281	35	57	171	142	36	42	222	275	230	283	127	395	1335	848	313	354	3	1032	806	15	172	434	85	325	132	176
T[T>C]A	113	113	77	7	33	36	68	76	307	95	263	50	44	233	188	49	35	174	230	252	218	107	367	711	1041	254	237	6	1314	879	22	209	448	89	290	127	93
T[T>C]C	85	92	33	4	23	23	57	47	124	41	125	38	41	80	68	50	27	87	94	96	111	179	140	303	306	118	297	5	524	348	13	57	136	47	136	88	75
T[T>C]G	45	39	42	3	30	12	36	37	152	58	139	23	30	159	127	34	16	101	121	132	118	92	227	412	594	129	171	3	714	473	8	62	251	32	183	87	74
T[T>C]T	109	111	69	6	38	26	77	84	179	68	220	70	61	164	136	69	43	128	168	214	196	198	215	436	648	206	399	7	942	669	12	112	283	79	193	138	124
T[T>G]A	36	39	28	2	11	7	21	25	84	28	86	20	22	70	36	24	11	63	94	46	112	60	96	218	286	80	122	1	382	259	11	39	94	34	89	76	50
T[T>G]C	37	30	20	1	5	5	31	15	40	30	35	19	15	38	31	20	7	36	39	47	60	172	51	98	128	41	214	1	199	164	3	31	58	23	53	46	48
T[T>G]G	44	49	38	2	13	11	28	13	143	39	133	21	17	80	81	13	10	129	130	88	127	85	148	568	345	107	141	2	462	434	12	70	164	36	148	68	60
T[T>G]T	113	87	53	5	17	26	69	47	113	51	180	66	58	109	91	55	23	118	101	316	169	1497	125	278	480	144	2097	3	726	655	14	80	161	98	168	166	176
