Mutation Types	LUSC-US_SP56460	LUSC-US_SP56474	LUSC-US_SP56502	LUSC-US_SP56533	LUSC-US_SP56537	LUSC-US_SP56541	LUSC-US_SP56553	LUSC-US_SP56566	LUSC-US_SP56569	LUSC-US_SP56607	LUSC-US_SP56644	LUSC-US_SP56704	LUSC-US_SP56730	LUSC-US_SP56754	LUSC-US_SP56771	LUSC-US_SP56821	LUSC-US_SP56827	LUSC-US_SP56941	LUSC-US_SP57024	LUSC-US_SP57066	LUSC-US_SP57084	LUSC-US_SP57189	LUSC-US_SP57251	LUSC-US_SP57267	LUSC-US_SP57450	LUSC-US_SP57538	LUSC-US_SP57586	LUSC-US_SP57619	LUSC-US_SP57629	LUSC-US_SP57651	LUSC-US_SP57669	LUSC-US_SP57735	LUSC-US_SP57818	LUSC-US_SP57846	LUSC-US_SP57901	LUSC-US_SP57933	LUSC-US_SP57941	LUSC-US_SP58101	LUSC-US_SP58245	LUSC-US_SP58326	LUSC-US_SP58342	LUSC-US_SP58349	LUSC-US_SP58612	LUSC-US_SP58668	LUSC-US_SP58882	LUSC-US_SP58991	LUSC-US_SP59245
A[C>A]A	856	310	1492	722	1691	1643	2128	425	1155	698	1631	1865	1218	1086	314	1034	1760	62	795	1931	1320	4590	1654	1994	437	1112	1168	2290	967	462	1816	1444	2413	1165	925	1918	3528	1228	2130	2797	2197	1586	879	1995	528	837	1570
A[C>A]C	434	191	871	379	984	926	1343	223	685	380	925	1146	672	661	162	603	1050	39	425	1185	783	2688	1037	1163	249	599	668	1432	469	262	1180	804	1455	791	599	1178	2161	717	1215	1578	1298	946	556	1212	295	439	952
A[C>A]G	121	49	351	195	376	343	479	81	255	158	380	462	219	195	70	234	432	11	177	468	317	1014	347	489	86	260	262	390	194	119	406	271	520	346	187	399	763	266	434	615	544	299	217	414	103	179	368
A[C>A]T	443	192	921	431	1093	1000	1283	282	685	415	1067	1074	650	700	175	653	1273	30	458	1234	866	2800	1066	1220	263	612	699	1544	534	290	1195	969	1553	748	626	1289	2378	750	1381	1711	1413	1014	478	1192	320	525	1034
A[C>G]A	259	157	470	221	510	463	1019	120	408	204	602	656	356	320	98	337	562	19	253	597	435	1503	532	599	205	439	412	691	303	182	536	451	467	378	320	711	818	486	807	944	720	604	294	604	212	284	568
A[C>G]C	172	95	230	105	213	200	454	79	190	106	257	292	167	135	61	137	270	3	112	237	189	574	264	275	93	217	194	274	180	112	263	217	222	216	173	273	350	232	316	389	352	264	132	312	119	151	244
A[C>G]G	68	42	101	43	78	110	196	30	97	30	108	138	69	62	29	69	151	2	47	125	99	243	91	127	55	75	98	127	68	49	183	107	86	80	80	198	151	83	159	186	109	267	46	136	39	62	120
A[C>G]T	218	142	359	185	330	347	831	141	333	179	364	446	293	235	97	191	357	23	158	390	348	985	378	471	151	328	284	482	276	142	427	386	326	295	258	524	578	408	586	609	553	438	195	494	248	233	436
A[C>T]A	453	281	728	367	668	561	1309	272	521	374	862	915	608	461	216	485	693	64	413	803	741	1651	859	829	300	551	621	823	658	276	702	696	649	669	517	924	1072	642	1089	1198	963	746	451	952	359	581	808
A[C>T]C	249	121	328	198	276	276	692	136	208	171	391	521	265	197	111	242	322	26	182	461	354	668	401	352	129	262	315	388	329	133	321	267	308	311	235	360	480	305	437	499	479	346	223	530	194	278	324
A[C>T]G	280	309	302	202	271	280	596	176	219	182	339	243	215	249	208	277	265	159	249	345	330	441	248	277	353	309	283	292	361	230	349	314	240	339	270	317	401	249	401	346	882	346	486	295	226	242	301
A[C>T]T	347	222	448	223	355	326	833	145	323	244	553	591	330	263	125	287	382	34	242	469	544	944	549	495	213	353	410	516	416	200	443	424	412	380	346	587	620	393	678	657	561	525	267	632	260	343	502
A[T>A]A	225	134	428	244	433	351	897	124	320	291	561	686	443	263	110	371	347	28	292	622	457	1138	630	530	165	594	460	458	327	190	603	455	460	445	319	530	703	461	666	794	750	545	255	936	300	376	401
A[T>A]C	116	91	145	98	149	132	357	56	151	105	215	200	150	127	51	111	119	29	93	262	188	380	198	209	92	168	157	221	190	102	201	148	194	174	155	248	331	159	203	256	251	203	91	316	152	117	169
A[T>A]G	245	123	393	201	352	348	749	119	258	207	490	524	349	244	88	326	383	30	227	632	416	1098	522	484	132	365	343	469	229	173	494	369	482	455	266	516	802	405	463	729	684	436	252	761	209	268	441
A[T>A]T	234	163	338	211	293	216	657	158	260	212	416	363	298	199	117	269	245	37	199	531	355	717	420	373	158	376	351	353	352	162	428	287	314	333	342	469	500	317	396	566	497	415	215	552	246	272	353
A[T>C]A	637	271	1078	668	1040	781	1724	342	821	630	1205	1496	1041	691	443	785	941	75	724	1238	1149	2747	1351	1474	406	1365	961	1159	735	485	1274	1143	590	1002	756	1087	1391	1303	1661	1764	1447	1243	846	1682	835	690	1038
A[T>C]C	125	111	155	113	168	132	383	64	173	101	195	204	185	109	100	124	145	16	101	206	222	327	254	210	106	222	165	201	165	95	265	177	124	161	129	261	237	225	243	280	219	285	137	297	172	136	195
A[T>C]G	467	207	728	441	641	503	1046	215	537	386	701	799	624	504	278	600	525	50	435	772	671	1625	849	915	261	717	591	771	486	333	811	684	406	641	530	684	844	799	979	1119	1401	732	610	1036	581	419	648
A[T>C]T	369	301	585	374	470	400	998	186	437	303	621	705	560	392	249	371	506	54	389	612	596	1192	713	632	285	750	605	566	509	290	695	569	327	454	461	607	675	672	826	872	747	788	429	844	545	434	555
A[T>G]A	86	49	113	72	126	81	227	31	99	55	133	142	151	73	43	78	113	12	80	122	129	257	151	229	59	203	113	138	91	70	177	128	101	98	98	146	155	157	176	173	204	321	79	240	95	90	143
A[T>G]C	46	34	37	19	34	30	81	19	36	22	49	44	48	29	21	24	40	3	23	42	62	69	58	48	29	50	54	51	42	29	60	48	34	30	41	60	47	50	40	58	59	56	23	54	41	44	60
A[T>G]G	85	73	123	64	85	82	255	33	100	70	160	142	95	79	46	74	108	6	55	161	118	258	139	125	63	105	134	128	74	70	150	121	83	120	87	171	160	149	172	194	176	174	68	207	71	86	131
A[T>G]T	134	73	101	88	84	58	245	29	72	75	105	92	119	66	41	73	100	12	59	116	115	122	151	128	76	153	111	93	128	55	117	114	58	66	100	128	135	108	102	130	127	123	73	146	99	81	157
C[C>A]A	873	218	1845	799	2001	1965	3059	508	1545	739	2031	2508	1556	1261	303	1429	2299	44	832	2776	1597	6061	1818	2446	539	1354	1512	3005	1148	543	2376	1864	3210	1668	1162	2237	4484	1575	2598	3458	2821	1737	1075	2657	564	1066	2042
C[C>A]C	559	171	1442	598	1497	1680	2533	346	1128	537	1478	2085	1124	949	227	1066	1837	18	635	2235	1182	4934	1388	1799	321	1027	1129	2508	555	414	2068	1459	2776	1485	743	1841	3872	1204	1900	2698	2208	1480	823	2138	407	713	1744
C[C>A]G	145	36	355	178	423	392	671	134	266	161	409	568	333	230	75	305	429	5	183	633	287	1219	368	458	101	282	306	578	223	122	441	345	677	377	186	396	933	317	488	718	638	306	252	573	125	210	385
C[C>A]T	613	206	1352	582	1495	1543	2337	368	1066	544	1392	1763	1073	986	243	973	1854	24	671	2107	1115	4587	1440	1819	362	972	1067	2561	763	451	1977	1408	2789	1341	862	1758	3804	1193	1964	2668	2135	1310	717	2014	391	734	1565
C[C>G]A	207	134	350	164	380	354	977	108	324	162	363	507	329	226	67	244	425	21	175	606	346	1113	387	456	161	379	299	500	194	129	446	420	406	388	238	566	655	384	586	677	551	465	210	568	146	186	524
C[C>G]C	178	128	279	128	258	242	635	85	237	123	340	462	254	187	60	212	282	13	129	457	277	836	280	321	104	240	266	396	129	121	393	293	292	259	167	428	533	289	425	542	470	358	174	459	118	171	375
C[C>G]G	76	39	118	45	135	135	293	32	91	78	171	207	115	64	37	86	148	4	54	191	127	344	146	149	54	95	135	113	72	53	165	107	133	95	80	188	218	114	191	235	177	200	75	187	48	66	189
C[C>G]T	228	183	385	163	321	363	946	131	305	183	417	534	308	247	90	225	366	21	152	486	335	984	407	402	186	346	276	488	182	146	410	388	400	325	237	548	615	384	565	658	546	473	200	562	195	237	468
C[C>T]A	504	250	747	371	670	674	1614	337	612	373	864	992	707	490	248	593	737	72	425	924	708	1764	885	894	318	629	667	908	685	287	812	860	783	780	534	856	1274	742	1354	1265	1086	760	487	1143	379	606	864
C[C>T]C	343	174	571	301	462	477	1183	178	448	285	607	830	525	335	207	431	522	46	282	704	563	1151	633	612	214	482	570	661	455	214	562	553	597	590	379	522	861	558	848	917	775	517	371	855	292	450	542
C[C>T]G	210	238	307	178	268	287	623	181	200	165	348	322	223	203	170	247	223	95	199	374	293	514	291	292	241	282	278	301	260	170	294	290	251	316	211	283	398	236	403	386	967	297	475	337	173	190	310
C[C>T]T	466	237	839	380	687	627	1586	268	569	382	908	1218	653	478	238	568	751	66	425	959	769	1900	984	950	291	617	706	977	554	271	811	820	879	775	522	965	1339	716	1327	1343	1074	843	502	1302	369	543	889
C[T>A]A	161	62	396	215	403	364	1025	97	346	180	502	621	425	252	74	369	437	16	259	606	438	1309	568	512	112	451	452	552	244	177	650	455	529	490	310	549	829	483	677	903	817	488	244	991	205	309	422
C[T>A]C	165	99	309	139	268	268	805	83	229	150	370	435	278	203	58	248	307	10	160	486	355	861	398	352	130	255	296	415	188	167	398	342	350	340	207	419	624	323	410	604	547	370	186	607	132	180	386
C[T>A]G	253	90	607	290	598	637	1567	149	536	333	740	1064	590	411	134	533	724	15	354	1149	645	2036	738	853	149	626	584	967	273	323	929	670	876	835	357	811	1484	670	784	1391	1229	615	413	1402	259	397	748
C[T>A]T	189	170	388	200	354	371	1160	98	370	240	467	577	403	292	74	371	459	32	240	738	450	1123	500	471	146	445	556	563	217	221	613	475	412	410	328	626	738	482	655	792	745	616	241	862	218	300	535
C[T>C]A	252	83	452	268	450	338	931	118	425	238	536	716	467	314	154	393	416	15	289	524	454	1266	601	620	168	637	423	532	335	232	581	517	247	457	274	520	625	655	845	811	764	597	370	811	349	292	459
C[T>C]C	130	121	207	124	173	149	463	72	230	91	201	251	191	133	59	147	234	15	111	198	206	395	239	261	101	200	196	277	169	135	315	237	145	177	154	339	273	315	290	323	482	376	227	293	181	139	250
C[T>C]G	261	97	380	238	418	299	761	116	352	214	449	565	413	306	151	343	347	24	252	464	379	1085	504	538	136	484	337	498	233	195	527	429	287	373	272	411	637	512	654	768	830	528	326	675	285	285	384
C[T>C]T	223	179	352	221	309	245	781	90	343	176	419	539	368	231	103	242	423	22	258	433	344	831	426	388	180	461	352	382	238	170	461	387	180	294	260	423	423	449	606	507	494	516	291	604	324	263	490
C[T>G]A	69	42	78	49	76	66	203	35	69	57	123	150	96	58	39	72	81	2	38	103	82	187	126	106	34	116	87	109	71	60	152	90	71	67	64	115	109	101	166	132	155	145	67	184	45	86	99
C[T>G]C	60	50	80	42	64	46	189	25	63	32	84	73	59	44	38	51	93	2	35	72	87	144	90	82	37	65	66	61	63	53	100	77	43	66	51	102	81	87	81	116	129	126	57	106	47	48	122
C[T>G]G	122	85	159	85	170	138	440	42	133	61	229	283	150	122	43	125	133	3	88	237	175	432	177	211	77	165	139	228	88	84	208	198	155	182	110	246	298	197	252	280	292	213	118	333	86	120	223
C[T>G]T	114	122	153	92	94	97	319	32	127	62	165	189	123	69	57	97	292	7	54	127	166	237	159	181	57	143	151	132	127	78	172	150	75	116	116	165	187	138	209	158	168	217	172	195	120	109	407
G[C>A]A	773	210	1067	494	1230	994	1518	381	831	466	1196	1359	853	681	257	757	1227	19	555	1555	959	3076	1075	1280	366	749	800	1516	1051	293	1192	1023	1608	860	686	1252	2388	805	1412	1829	1485	1004	608	1320	375	780	1034
G[C>A]C	415	121	844	380	971	974	1233	226	665	342	834	1110	705	574	136	604	1069	22	364	1180	685	2573	890	1107	193	586	591	1408	527	204	1171	802	1419	799	569	1033	2126	664	1053	1385	1184	874	537	1158	307	483	991
G[C>A]G	136	29	293	168	347	338	440	84	198	142	330	444	237	161	81	242	362	15	149	568	298	912	306	342	82	232	235	404	198	79	352	257	471	359	178	355	626	229	323	593	408	256	207	411	106	205	296
G[C>A]T	485	164	639	314	833	701	991	224	550	294	739	825	471	454	169	488	841	18	350	906	569	2011	680	848	249	551	526	1121	633	221	862	667	1109	570	471	891	1568	567	937	1155	907	670	415	867	250	479	676
G[C>G]A	134	72	250	128	330	244	500	79	247	105	285	364	194	179	62	188	317	8	102	383	229	832	287	363	77	246	202	375	180	81	356	284	306	226	163	363	496	272	434	541	331	321	148	379	103	166	332
G[C>G]C	140	72	242	93	223	233	438	73	183	89	257	310	217	140	56	164	246	8	97	285	206	678	284	296	65	199	184	361	115	85	265	238	264	239	156	311	423	225	345	477	356	237	145	348	122	121	244
G[C>G]G	35	19	86	35	85	93	206	21	73	45	110	171	58	50	18	80	118	4	41	141	94	301	75	93	32	91	95	136	42	24	130	90	112	105	58	123	164	70	123	211	142	152	69	145	28	54	100
G[C>G]T	118	97	242	96	217	207	537	78	187	76	242	270	179	147	41	143	226	14	103	256	188	623	240	287	116	210	173	315	108	83	318	221	259	197	163	364	363	211	349	389	296	312	125	275	112	109	264
G[C>T]A	355	204	560	313	512	350	924	248	386	261	598	567	556	309	219	362	433	60	311	634	574	1066	570	651	237	450	394	573	550	201	480	452	389	446	414	636	563	467	657	671	622	525	342	653	354	424	504
G[C>T]C	277	132	424	254	337	299	651	189	295	192	420	503	347	220	167	283	312	42	234	465	366	687	415	452	184	385	304	419	412	141	378	335	343	384	330	475	481	317	412	527	501	414	303	495	304	306	413
G[C>T]G	238	231	283	222	231	242	469	179	227	146	323	233	239	238	191	291	218	109	200	355	276	365	243	272	254	296	307	222	326	153	254	232	211	284	218	271	303	230	255	309	740	262	418	268	355	220	268
G[C>T]T	294	159	439	246	394	329	672	138	302	241	442	498	359	250	157	284	328	43	220	503	425	823	522	519	223	319	331	458	373	137	374	363	378	341	350	516	563	327	473	569	548	446	291	527	309	329	410
G[T>A]A	120	60	289	148	306	268	692	95	227	171	368	427	298	189	67	273	273	9	173	483	311	837	399	391	91	328	301	353	183	123	414	305	324	357	184	384	535	311	427	601	565	369	197	584	164	201	323
G[T>A]C	92	59	143	58	105	115	297	41	123	75	170	159	113	89	34	98	128	8	80	173	152	290	157	169	63	110	111	148	76	59	194	123	136	150	97	147	232	139	135	244	193	150	67	241	72	92	137
G[T>A]G	167	82	332	201	326	310	772	94	278	206	389	516	330	256	83	309	344	13	210	607	359	996	447	425	117	319	328	491	224	171	533	330	421	452	199	431	739	364	480	715	638	359	238	757	164	228	371
G[T>A]T	117	94	223	121	205	187	577	56	190	160	303	325	209	151	52	219	219	15	141	337	252	516	277	261	110	235	248	300	139	134	342	231	223	275	184	370	394	246	304	432	363	357	164	462	124	185	251
G[T>C]A	306	147	457	355	504	322	759	147	425	286	463	555	485	343	204	304	430	36	279	525	452	1089	615	680	170	618	380	538	408	183	578	463	246	421	312	448	529	608	769	795	619	580	363	657	442	308	443
G[T>C]C	111	81	145	105	114	102	242	71	134	71	137	137	108	103	59	101	108	16	62	112	140	238	164	138	83	169	131	146	129	85	168	122	80	142	88	216	167	196	165	198	174	201	102	204	163	92	160
G[T>C]G	220	120	316	187	331	213	557	111	291	218	316	347	285	272	127	458	274	20	180	382	320	721	388	456	99	333	246	431	219	135	477	298	170	353	311	388	410	421	500	518	1723	390	616	518	267	242	297
G[T>C]T	205	143	324	237	293	189	619	110	285	178	355	422	330	199	150	254	251	26	215	404	343	564	413	338	165	389	297	348	339	174	432	307	164	280	269	366	348	394	497	469	417	456	221	429	331	242	313
G[T>G]A	43	42	83	22	52	48	146	21	48	21	84	86	60	42	17	36	36	10	31	59	66	128	80	58	25	85	63	68	31	32	74	51	37	51	41	82	72	66	96	123	83	100	43	127	39	31	67
G[T>G]C	36	28	32	20	29	29	75	15	35	12	47	39	30	25	9	24	33	4	14	33	28	71	38	42	14	37	27	35	25	28	45	39	31	18	22	48	45	32	47	45	36	52	31	54	19	31	37
G[T>G]G	88	74	135	55	132	119	334	41	98	63	153	199	83	63	25	106	123	5	74	140	113	257	160	147	51	124	147	141	79	69	168	111	94	159	101	167	203	154	133	200	301	200	101	222	55	91	130
G[T>G]T	66	86	87	54	67	49	185	23	62	34	107	67	58	48	29	55	122	9	32	72	77	129	99	86	54	69	76	83	67	57	120	82	51	62	69	96	113	87	101	87	79	126	80	107	60	56	167
T[C>A]A	896	421	1432	620	1417	1505	4268	688	1059	610	1456	1536	1025	937	314	982	1571	148	716	1988	1281	4084	1501	1685	586	972	1016	1894	907	407	1573	1390	1972	1662	852	1845	2869	1063	1619	2391	2019	1159	711	2018	505	838	1664
T[C>A]C	669	300	1366	568	1447	1511	3140	426	1055	580	1391	1622	1100	995	292	919	1635	72	618	1958	1109	4346	1394	1632	405	975	958	2166	758	407	1733	1322	2239	1409	787	1685	3048	1012	1616	2341	1988	1256	786	1838	474	735	1510
T[C>A]G	131	52	228	127	233	210	561	95	188	120	261	295	177	162	72	166	258	10	135	382	207	688	224	297	56	161	184	271	174	69	264	204	320	294	166	294	456	162	260	402	342	194	168	287	89	147	251
T[C>A]T	1050	438	1468	638	1502	1450	3396	608	1060	668	1684	1567	1119	955	367	960	1601	67	733	2156	1285	4154	1467	1659	630	986	1174	2025	1264	468	1655	1290	2247	1410	978	1841	3125	1028	1850	2502	2137	1293	767	1901	557	920	1545
T[C>G]A	1059	1138	1366	296	569	2176	13880	1812	1045	362	970	577	449	1076	185	281	1201	555	443	1066	964	2567	1717	743	2144	1159	435	838	408	527	743	1292	1161	3317	427	2195	889	652	1168	971	2652	643	300	1385	729	393	2569
T[C>G]C	424	345	583	210	404	690	3151	467	484	210	497	503	355	406	117	294	582	109	237	655	488	1277	634	482	586	538	355	542	231	273	538	593	513	870	300	844	651	398	645	768	1019	463	209	754	311	263	894
T[C>G]G	76	87	107	49	87	148	675	109	80	40	108	118	54	66	20	58	114	12	56	125	90	311	110	95	102	115	75	109	52	41	119	113	95	182	41	218	151	81	127	150	193	124	42	178	64	48	172
T[C>G]T	1334	1508	1793	436	735	2480	16558	2173	1211	474	1275	889	728	1275	269	456	1243	717	609	1334	1085	3135	1800	1058	2369	1478	586	1045	573	761	1034	1603	1424	3539	619	2584	1262	886	1452	1223	2854	835	441	1961	874	633	2784
T[C>T]A	2558	1542	2050	518	745	2207	13609	3302	1126	642	1627	1035	715	1402	420	643	1245	797	704	1641	1635	3213	2524	1191	2753	1054	654	1030	963	724	856	1461	1472	5096	738	2323	1238	671	1333	1253	2914	724	599	1940	867	915	3930
T[C>T]C	808	504	866	379	540	734	3431	832	557	372	786	757	546	588	280	447	680	171	380	805	829	1479	1025	705	761	606	535	702	625	337	585	732	702	1328	506	877	856	496	772	866	1178	631	471	1000	431	529	1182
T[C>T]G	291	287	295	120	163	315	1759	462	157	143	272	175	147	219	121	154	202	128	174	289	305	479	322	208	447	264	182	150	221	124	201	204	184	687	182	295	279	145	213	225	631	177	241	330	195	181	478
T[C>T]T	1487	943	1401	454	698	1225	7329	1722	747	519	1254	967	668	858	320	580	876	416	507	1215	1298	2297	1643	1011	1479	795	632	907	722	495	690	1042	1031	2790	613	1448	1233	603	946	1222	1731	732	527	1544	599	690	2276
T[T>A]A	244	135	395	217	457	298	971	156	356	263	563	615	464	287	105	369	353	21	295	751	481	1155	655	533	156	536	531	498	367	196	630	472	392	495	317	519	671	479	705	850	753	561	283	989	284	365	475
T[T>A]C	146	85	179	112	166	133	467	52	174	124	222	261	214	133	51	153	184	16	119	331	234	486	313	266	95	177	229	240	180	122	237	195	192	237	194	271	301	198	279	307	330	266	115	371	125	143	217
T[T>A]G	152	59	266	165	303	280	596	75	224	161	368	388	295	212	84	216	297	14	170	511	339	809	400	426	101	283	253	393	184	155	396	339	339	356	230	352	590	317	438	542	496	328	173	596	141	178	316
T[T>A]T	270	191	381	232	336	277	942	105	347	235	500	498	364	257	116	337	366	21	229	570	450	862	620	442	172	410	552	462	369	230	566	386	320	395	371	628	551	376	518	720	615	578	249	755	253	341	480
T[T>C]A	301	138	489	341	482	332	798	173	487	268	517	609	541	331	191	358	436	41	316	577	513	1170	694	796	164	659	439	516	456	227	611	517	266	398	304	528	577	630	1045	760	661	831	376	782	465	342	526
T[T>C]C	146	114	199	110	158	121	382	62	212	98	182	160	171	108	79	116	177	18	128	184	194	352	245	222	101	212	166	208	175	122	259	204	106	134	130	274	211	280	273	242	222	341	128	275	195	143	196
T[T>C]G	199	106	261	171	284	187	426	98	295	248	267	258	259	219	127	578	295	30	175	327	306	639	380	362	90	303	261	426	239	150	484	351	137	236	324	349	329	352	538	479	2416	362	716	465	225	240	266
T[T>C]T	269	163	341	241	321	251	713	122	352	224	438	463	402	225	172	266	294	31	242	418	388	761	492	428	208	543	420	371	370	210	501	419	179	277	288	437	380	500	660	536	469	574	247	536	404	322	337
T[T>G]A	91	62	141	104	134	106	314	46	152	73	143	149	125	99	55	117	132	11	88	161	157	299	192	270	78	204	184	110	151	83	240	180	84	119	106	210	146	172	248	213	225	423	85	285	128	105	187
T[T>G]C	82	54	78	60	58	42	170	24	77	40	88	82	78	47	34	43	65	5	51	80	89	93	122	85	44	105	82	80	74	64	96	86	45	69	59	89	83	90	98	99	99	113	54	114	81	51	108
T[T>G]G	137	99	171	76	137	131	412	47	146	83	186	204	127	103	46	110	160	11	81	200	172	370	208	180	79	188	149	186	121	93	221	177	100	165	96	222	242	219	247	266	245	288	93	304	104	145	200
T[T>G]T	204	177	227	145	182	146	450	81	192	136	255	249	229	135	98	167	233	20	131	228	232	356	316	302	163	281	264	194	241	158	300	211	144	189	233	263	276	226	277	299	323	384	186	371	219	203	352
