Mutation Types	DLBC-US_SP127628	DLBC-US_SP127630	DLBC-US_SP127632	DLBC-US_SP127634	DLBC-US_SP127636	DLBC-US_SP127638	DLBC-US_SP127640	MALY-DE_SP116604	MALY-DE_SP116606	MALY-DE_SP116608	MALY-DE_SP116610	MALY-DE_SP116612	MALY-DE_SP116614	MALY-DE_SP116616	MALY-DE_SP116618	MALY-DE_SP116620	MALY-DE_SP116622	MALY-DE_SP116624	MALY-DE_SP116627	MALY-DE_SP116630	MALY-DE_SP116635	MALY-DE_SP116638	MALY-DE_SP116642	MALY-DE_SP116645	MALY-DE_SP116648	MALY-DE_SP116649	MALY-DE_SP116652	MALY-DE_SP116654	MALY-DE_SP116657	MALY-DE_SP116659	MALY-DE_SP116663	MALY-DE_SP116665	MALY-DE_SP116668	MALY-DE_SP116670	MALY-DE_SP116672	MALY-DE_SP116674	MALY-DE_SP116676	MALY-DE_SP116679	MALY-DE_SP116683	MALY-DE_SP116686	MALY-DE_SP116688	MALY-DE_SP116690	MALY-DE_SP116694	MALY-DE_SP116697	MALY-DE_SP116701	MALY-DE_SP116703	MALY-DE_SP116706	MALY-DE_SP116709	MALY-DE_SP116712	MALY-DE_SP116715	MALY-DE_SP116718	MALY-DE_SP116720	MALY-DE_SP116723	MALY-DE_SP116725	MALY-DE_SP116726	MALY-DE_SP124969	MALY-DE_SP124971	MALY-DE_SP124977	MALY-DE_SP124981	MALY-DE_SP59270	MALY-DE_SP59272	MALY-DE_SP59276	MALY-DE_SP59280	MALY-DE_SP59284	MALY-DE_SP59288	MALY-DE_SP59292	MALY-DE_SP59296	MALY-DE_SP59300	MALY-DE_SP59304	MALY-DE_SP59308	MALY-DE_SP59312	MALY-DE_SP59316	MALY-DE_SP59320	MALY-DE_SP59324	MALY-DE_SP59328	MALY-DE_SP59332	MALY-DE_SP59336	MALY-DE_SP59340	MALY-DE_SP59344	MALY-DE_SP59348	MALY-DE_SP59352	MALY-DE_SP59356	MALY-DE_SP59360	MALY-DE_SP59364	MALY-DE_SP59368	MALY-DE_SP59372	MALY-DE_SP59376	MALY-DE_SP59380	MALY-DE_SP59384	MALY-DE_SP59388	MALY-DE_SP59392	MALY-DE_SP59396	MALY-DE_SP59400	MALY-DE_SP59404	MALY-DE_SP59412	MALY-DE_SP59416	MALY-DE_SP59420	MALY-DE_SP59428	MALY-DE_SP59432	MALY-DE_SP59436	MALY-DE_SP59440	MALY-DE_SP59444	MALY-DE_SP59448	MALY-DE_SP59452	MALY-DE_SP59456	MALY-DE_SP59460	MALY-DE_SP59464
A[C>A]A	62	112	279	317	144	131	219	87	220	105	230	153	135	72	246	390	51	87	52	192	112	57	187	201	459	160	18	63	337	140	235	52	318	208	48	92	317	31	115	103	32	275	129	707	148	83	185	71	23	376	101	106	67	34	223	216	176	108	92	25	28	38	77	71	96	68	31	243	273	66	147	48	77	75	47	39	29	73	36	107	113	147	85	156	203	107	23	40	61	38	28	43	235	39	161	84	53	55	62	44	100	66	238	236	132	97	69
A[C>A]C	84	112	240	243	134	135	151	74	170	80	186	128	118	74	136	344	47	66	50	168	71	44	151	156	276	102	31	74	274	123	176	27	225	202	39	78	273	25	101	61	32	190	144	634	115	65	148	66	16	284	106	90	49	21	194	181	150	104	70	26	34	23	63	45	92	52	30	203	257	54	147	51	70	99	45	33	25	63	20	81	114	105	86	155	188	68	20	30	40	32	24	29	248	19	158	77	43	33	60	28	70	71	214	144	75	76	49
A[C>A]G	13	9	25	20	16	10	20	17	25	7	24	21	7	8	23	27	4	9	6	19	9	7	31	16	32	16	4	9	28	10	13	5	28	20	8	19	27	6	12	9	5	35	9	64	19	8	16	8	4	26	8	6	14	2	15	21	26	8	6	2	1	2	8	6	10	9	0	24	24	5	20	13	9	11	4	6	1	7	0	8	12	15	8	13	21	10	0	2	6	2	4	3	15	2	19	7	5	2	5	6	10	7	26	22	15	12	9
A[C>A]T	66	92	181	235	99	107	124	81	182	53	221	90	89	53	152	283	29	58	43	152	92	58	200	186	281	86	19	55	288	84	179	34	261	166	30	86	239	30	92	75	11	185	103	689	116	57	129	54	20	320	61	74	46	14	184	146	135	69	69	13	29	22	58	49	68	51	32	192	204	33	117	33	54	73	40	45	14	53	23	79	87	94	78	160	156	90	16	28	50	39	21	30	204	23	151	70	27	38	43	30	84	55	190	156	99	70	45
A[C>G]A	47	87	147	309	85	67	235	38	213	53	130	92	63	41	112	225	23	51	23	73	72	47	131	78	173	147	12	35	143	103	90	27	180	85	24	36	210	33	72	93	32	137	78	838	86	46	96	32	6	159	53	55	28	12	98	117	98	50	51	18	14	17	40	17	28	34	14	116	185	21	118	25	68	47	21	22	18	31	10	49	71	49	29	82	130	28	10	22	29	26	13	13	142	14	99	32	24	19	38	17	43	44	157	86	61	62	31
A[C>G]C	24	38	91	175	68	36	99	33	135	17	81	48	37	23	65	83	10	25	9	40	32	22	71	58	92	68	1	17	80	41	56	5	103	93	17	21	120	18	43	49	13	85	58	522	44	23	43	26	11	96	42	32	13	9	59	84	56	18	32	3	13	10	21	14	22	14	9	71	117	23	59	13	30	24	19	15	15	28	8	44	34	25	18	35	74	20	8	7	12	10	5	6	88	9	41	21	10	7	8	12	19	19	134	56	29	32	9
A[C>G]G	5	5	25	45	9	11	14	6	28	2	25	8	7	6	11	14	2	5	2	9	8	3	22	16	25	13	5	4	12	14	13	1	24	14	3	3	26	5	11	12	3	18	14	133	10	1	10	4	2	26	9	9	8	0	15	14	9	5	9	2	4	3	8	2	6	6	2	15	41	3	10	3	7	7	2	3	6	4	6	10	9	7	4	14	13	5	1	3	2	2	3	3	21	4	10	2	2	2	8	3	5	8	20	12	8	8	6
A[C>G]T	51	83	182	343	100	62	249	64	279	42	156	81	72	50	115	195	15	45	22	64	69	38	127	108	191	149	13	47	180	114	88	20	224	156	23	31	265	27	95	122	27	144	96	1059	82	48	90	38	15	223	89	59	26	11	95	156	101	50	66	15	18	22	47	28	49	24	10	151	246	21	109	24	58	36	33	24	14	44	18	86	102	51	37	82	150	33	12	26	29	21	13	13	146	19	84	32	38	16	32	23	39	39	189	145	58	59	26
A[C>T]A	145	316	510	715	359	249	281	151	623	123	440	245	226	137	271	390	80	120	94	202	167	100	262	344	720	205	37	130	490	245	354	68	621	597	85	120	515	66	164	172	94	433	220	2018	313	131	228	125	46	757	156	110	86	46	354	294	285	196	152	65	58	90	96	88	84	112	66	248	794	94	281	88	131	134	63	91	68	140	60	152	145	162	182	190	413	182	58	69	74	75	35	40	676	44	292	130	72	65	93	56	155	143	749	359	203	168	92
A[C>T]C	74	167	257	381	181	135	166	82	319	59	170	133	125	75	121	192	46	58	69	127	103	48	136	171	340	120	18	62	246	113	162	35	323	346	54	73	270	44	102	102	47	234	118	1091	152	86	129	74	18	430	69	67	52	19	176	151	144	87	83	40	30	36	70	44	74	57	26	127	402	39	174	46	78	65	28	37	29	64	43	87	98	85	82	104	184	105	23	35	33	41	33	19	355	23	166	51	51	32	52	51	76	76	396	213	105	112	52
A[C>T]G	233	451	655	528	243	353	328	192	285	155	353	357	382	235	235	299	114	169	174	303	187	162	279	260	505	267	85	214	647	383	594	121	405	543	153	258	570	114	256	168	167	472	298	1141	355	220	347	224	81	784	230	270	159	92	457	424	429	267	202	99	123	114	149	132	104	167	78	184	466	164	373	176	225	183	99	134	98	244	96	254	291	267	187	312	436	136	106	141	140	186	91	125	420	95	380	208	104	100	174	113	260	328	750	560	277	305	163
A[C>T]T	122	189	335	448	236	159	225	108	428	61	294	166	142	87	139	276	51	93	72	179	127	66	200	242	341	145	34	89	398	162	226	44	436	445	59	79	382	48	134	134	48	330	182	1582	181	101	139	87	15	586	113	92	76	29	247	223	197	126	98	47	48	44	82	74	62	53	45	193	501	62	205	57	75	112	45	64	29	87	47	141	106	124	109	170	267	107	37	39	64	72	32	38	412	26	245	93	61	47	60	41	94	90	451	273	140	122	76
A[T>A]A	70	176	289	207	197	98	255	108	168	169	259	96	134	157	132	724	37	124	16	93	101	60	233	218	537	449	16	71	200	369	176	28	362	188	58	75	612	67	180	213	52	357	171	628	113	109	182	69	16	350	129	144	67	13	147	337	284	151	110	23	27	18	67	43	142	46	26	108	249	55	226	60	179	37	49	39	22	55	26	208	183	109	75	130	251	57	14	48	53	58	13	28	126	21	164	85	87	40	75	50	59	91	437	415	83	159	77
A[T>A]C	30	63	119	141	89	74	76	59	69	40	118	56	94	74	55	230	40	40	37	93	37	32	122	89	121	170	6	43	141	111	106	29	258	100	38	55	208	34	78	54	23	130	110	957	82	68	87	46	11	151	70	76	46	18	87	135	107	78	55	8	16	7	46	23	54	33	17	86	254	34	129	25	55	46	18	28	11	52	15	59	113	72	51	74	99	40	9	35	20	18	12	9	135	15	79	50	35	21	65	34	29	56	163	141	45	62	54
A[T>A]G	39	68	139	154	113	59	103	68	77	77	130	53	77	76	64	256	33	60	30	78	41	29	134	122	172	170	12	57	176	123	88	20	160	103	35	62	250	31	77	104	20	152	97	349	88	47	98	56	15	188	66	81	56	9	101	141	144	80	71	11	16	17	29	13	74	45	10	86	134	34	118	38	83	55	22	21	16	52	8	96	105	63	36	105	96	47	7	49	21	22	7	15	88	12	108	71	41	20	53	29	29	69	172	155	63	60	59
A[T>A]T	102	169	378	298	277	209	331	130	248	138	309	160	192	159	167	694	54	120	59	286	123	59	272	273	650	362	35	84	395	205	311	45	651	344	70	105	709	68	162	184	62	463	219	2084	154	137	170	92	26	627	170	136	65	30	241	369	338	189	124	20	32	33	93	77	251	69	30	239	538	59	355	66	143	67	61	66	43	94	23	185	159	146	168	142	314	84	30	66	89	63	23	29	377	31	226	119	69	35	89	62	132	106	756	424	120	142	75
A[T>C]A	162	202	395	477	419	192	396	129	187	142	347	173	221	188	151	728	57	130	51	203	146	80	331	225	544	381	35	119	366	329	322	36	575	329	75	126	769	72	223	240	90	457	229	1676	200	160	257	115	28	638	159	148	77	38	222	498	380	226	168	41	56	33	102	105	469	92	46	219	496	88	302	68	189	72	101	84	59	114	63	220	255	153	135	172	406	80	44	72	113	107	29	37	276	43	256	98	128	66	102	67	96	122	697	491	130	186	88
A[T>C]C	73	99	157	214	176	79	177	56	123	63	137	77	98	88	66	268	19	50	19	88	58	26	165	97	243	230	25	42	167	130	134	13	404	127	32	53	331	20	105	124	38	210	100	1072	65	53	98	37	14	314	89	46	39	18	110	257	164	103	77	13	25	24	69	40	217	35	23	118	331	33	134	27	47	37	45	50	33	45	29	85	96	70	86	82	183	25	10	31	60	53	12	10	105	21	130	60	44	28	46	19	43	56	270	209	50	82	47
A[T>C]G	133	113	204	240	263	133	213	60	129	74	193	114	120	100	97	346	41	76	43	139	90	54	177	146	297	203	19	82	225	158	186	35	430	166	37	82	344	53	86	140	54	273	147	1108	114	85	113	82	29	380	104	72	52	35	161	274	209	133	80	27	36	27	59	62	344	49	34	124	332	51	181	51	86	49	60	57	38	82	36	119	127	102	103	130	245	50	22	39	65	57	18	24	148	24	174	77	57	54	47	57	52	63	388	266	81	111	64
A[T>C]T	157	215	341	692	404	173	377	129	218	123	387	179	201	161	165	742	49	118	57	195	120	86	345	245	571	408	39	114	324	360	311	55	876	272	79	104	720	78	220	267	77	490	240	1593	167	169	245	110	29	613	164	145	83	36	221	507	387	239	163	36	49	35	110	66	421	86	46	192	523	66	301	82	152	89	100	81	55	110	50	208	223	146	159	182	429	81	33	61	86	99	33	35	237	36	286	121	94	71	94	73	111	136	610	542	111	200	89
A[T>G]A	84	179	185	281	374	55	229	84	154	314	207	94	189	114	135	1149	35	167	18	112	97	39	216	119	350	773	14	65	158	334	175	14	328	147	29	51	626	122	166	294	50	373	159	590	94	118	145	61	11	250	239	184	59	21	114	428	309	143	156	15	23	14	44	44	468	41	13	56	291	74	348	44	206	30	44	33	19	50	14	196	221	95	97	83	225	26	8	37	38	81	12	8	79	19	208	76	59	43	38	47	53	59	375	327	40	169	57
A[T>G]C	15	45	54	107	69	19	63	23	51	33	63	14	64	31	36	196	10	24	3	26	33	24	59	37	89	140	4	25	49	61	60	2	439	47	11	19	163	25	18	54	14	91	108	354	22	29	29	13	2	83	43	42	16	6	28	108	66	44	33	5	5	9	16	9	73	11	7	39	127	11	77	13	33	6	14	10	2	17	11	41	34	33	27	27	98	13	2	14	18	17	1	2	24	6	45	12	14	9	10	13	18	21	113	111	18	38	16
A[T>G]G	20	48	70	136	84	33	92	29	69	50	91	23	43	24	34	180	11	29	15	37	27	17	87	58	97	112	8	27	80	59	69	5	263	41	14	24	140	16	53	61	17	127	82	394	38	35	64	25	9	110	52	36	16	8	75	113	73	37	36	8	12	12	28	16	100	16	11	61	160	25	85	14	43	16	17	20	14	18	19	41	68	27	27	42	83	20	7	18	18	26	5	9	36	7	61	17	23	14	19	14	17	20	94	101	21	48	15
A[T>G]T	96	99	190	612	367	80	230	117	323	119	194	85	104	100	93	467	16	54	17	89	59	44	294	120	278	537	12	40	291	150	232	16	3125	123	27	60	373	33	98	160	36	544	148	1805	53	86	132	39	11	439	84	60	28	27	141	379	190	136	75	12	18	21	64	43	414	33	23	104	958	29	209	65	75	19	44	37	19	33	59	115	97	82	152	67	535	52	21	40	37	43	19	7	123	22	194	48	41	28	30	27	68	71	252	524	55	102	42
C[C>A]A	81	109	239	254	130	141	208	72	199	63	249	134	127	84	243	340	48	73	46	209	114	50	201	166	467	124	19	73	276	131	207	53	341	210	50	108	314	33	101	84	54	251	112	916	147	60	131	71	26	356	87	74	67	29	213	242	205	81	75	33	37	30	59	54	78	50	28	292	230	44	171	57	68	87	54	48	32	76	43	75	93	102	102	137	199	87	20	38	57	45	19	26	336	42	140	75	35	35	57	41	115	62	268	187	89	103	58
C[C>A]C	43	77	147	203	94	88	99	45	130	25	158	96	72	62	108	217	35	52	23	105	40	33	126	108	213	92	12	38	171	74	110	16	264	124	22	46	181	20	78	39	23	130	84	484	77	47	89	36	8	171	74	56	30	14	143	120	96	56	53	15	27	8	25	27	52	29	17	137	157	32	81	32	41	46	30	26	21	45	13	60	79	69	54	100	126	41	13	20	29	23	9	12	155	20	94	53	32	24	22	19	51	34	156	105	48	66	39
C[C>A]G	11	11	29	20	9	12	36	15	24	11	40	14	14	11	22	39	6	12	6	24	14	6	22	17	32	17	6	9	47	10	26	5	39	26	8	13	29	2	9	9	6	24	18	103	21	9	12	7	6	38	11	5	8	3	24	25	24	10	8	6	7	3	5	5	9	4	6	30	18	2	21	5	16	15	3	8	4	11	6	7	18	9	14	12	14	8	2	8	7	3	3	10	50	3	15	15	4	3	7	2	14	4	23	27	15	13	6
C[C>A]T	72	140	245	191	119	165	190	61	208	66	245	142	103	91	209	364	40	106	41	455	89	49	200	193	761	157	17	50	316	100	254	32	446	297	60	71	310	35	103	88	29	280	120	1526	126	53	127	55	21	580	98	89	58	21	245	243	205	114	73	28	33	31	57	73	94	56	20	274	225	30	158	37	54	77	44	34	27	69	32	62	104	80	128	135	200	99	19	33	67	45	23	27	384	39	169	74	33	30	60	24	72	51	546	169	111	81	57
C[C>G]A	24	32	91	205	38	32	64	22	80	15	103	32	34	17	61	70	15	19	6	22	33	12	53	60	66	42	3	21	84	44	36	5	231	31	6	17	74	9	34	38	12	54	41	510	48	19	47	13	2	78	24	16	11	6	55	53	42	17	10	6	13	5	22	9	18	11	10	105	153	17	44	11	23	24	14	6	12	13	8	34	51	14	17	26	71	17	8	4	15	16	7	7	62	4	39	17	12	14	10	6	20	13	67	49	24	17	13
C[C>G]C	22	37	72	156	46	39	41	29	72	9	75	33	29	19	47	58	7	23	6	30	22	11	44	35	81	45	7	12	66	35	48	9	202	35	12	17	78	12	21	34	11	49	36	352	52	21	45	18	4	63	32	8	10	1	43	45	42	13	18	6	9	12	13	17	15	8	8	75	114	10	45	9	19	20	17	3	12	17	14	25	40	23	13	55	64	11	9	7	18	18	4	2	56	7	32	11	8	10	15	10	15	23	63	32	21	14	12
C[C>G]G	3	6	9	30	11	8	8	2	7	2	17	4	5	2	12	14	0	3	4	7	7	2	8	13	18	6	0	2	10	8	8	4	28	10	3	3	13	1	3	6	2	14	9	85	8	2	10	2	1	18	6	3	6	4	12	13	3	5	6	1	3	2	2	0	3	4	0	14	28	5	8	0	3	6	1	2	1	6	3	7	5	2	5	6	14	2	0	0	2	2	3	2	16	1	6	3	1	2	2	0	5	2	9	6	5	3	4
C[C>G]T	30	66	103	243	74	56	80	24	145	13	115	62	44	31	64	110	14	33	14	37	38	21	90	56	102	63	7	12	100	78	69	15	349	58	12	22	126	14	55	75	10	93	64	705	77	20	66	35	5	112	45	32	17	11	63	91	67	33	28	12	12	11	22	17	29	15	10	127	220	18	57	15	21	21	23	18	17	26	8	36	49	33	25	51	108	21	6	19	15	9	11	5	105	13	59	21	7	13	15	9	26	27	120	82	38	25	13
C[C>T]A	91	288	484	676	280	178	232	102	360	78	323	206	203	120	238	270	69	87	92	138	145	68	188	219	514	191	19	118	371	142	244	48	446	377	60	93	440	49	120	131	55	383	182	1551	216	110	206	108	20	460	126	96	63	41	253	256	213	163	88	38	51	50	74	64	58	79	44	218	860	49	279	64	139	101	50	51	52	94	38	121	122	125	125	138	334	133	44	73	69	47	42	44	511	33	217	110	84	49	95	44	166	124	580	299	152	161	91
C[C>T]C	92	210	404	550	204	166	201	79	252	60	242	167	159	91	155	202	49	95	74	125	147	65	168	190	367	124	21	87	302	170	219	32	337	342	62	72	347	34	105	129	57	279	150	1163	177	106	173	89	26	432	127	88	74	31	198	225	160	151	86	34	35	46	53	44	72	63	33	135	546	67	188	58	93	73	51	45	33	87	35	104	121	112	76	129	292	127	38	71	43	42	29	32	410	46	205	119	67	53	81	51	128	117	461	242	136	121	64
C[C>T]G	149	335	473	523	210	299	271	131	199	105	243	297	238	166	165	277	89	153	129	188	139	106	164	190	395	179	53	125	546	279	427	84	327	414	89	170	471	57	170	157	115	391	242	978	245	162	235	154	53	622	161	126	94	65	378	380	277	223	162	70	87	98	122	106	76	101	64	153	405	98	300	115	157	114	68	80	71	141	72	186	245	181	137	201	342	86	66	89	94	123	70	76	344	49	280	156	82	43	110	68	196	211	602	403	253	198	135
C[C>T]T	116	241	432	511	246	203	260	125	326	72	326	201	211	109	219	296	61	139	64	196	190	77	247	257	421	178	33	112	416	193	286	71	536	429	92	99	418	62	140	165	87	383	184	1671	209	109	205	110	24	528	121	87	123	27	292	266	250	184	127	53	61	41	95	74	71	81	43	225	736	85	274	65	137	111	53	52	52	90	55	147	139	134	95	211	338	140	60	88	61	54	39	53	516	33	271	109	96	94	115	59	153	151	564	293	173	132	86
C[T>A]A	40	66	122	141	102	48	89	54	98	56	119	45	60	46	65	242	17	38	7	59	49	36	81	96	208	142	4	43	112	109	69	11	236	71	18	34	196	20	73	83	14	148	94	323	56	41	86	38	8	164	53	51	27	7	80	113	124	60	52	6	8	14	24	19	76	31	12	76	128	21	99	27	63	28	29	17	14	30	12	68	82	45	22	72	92	24	1	20	29	14	10	6	81	14	90	35	20	16	30	22	25	34	176	134	34	49	32
C[T>A]C	28	39	93	207	59	43	68	55	79	22	112	48	34	41	55	122	14	26	14	63	45	14	115	90	112	107	7	33	181	59	91	16	668	70	21	38	98	15	37	42	16	158	68	421	59	40	71	34	7	154	40	36	31	9	95	126	67	48	43	7	14	11	43	13	38	25	12	85	189	15	81	22	29	33	21	11	9	27	19	46	44	52	42	75	208	55	13	21	22	11	9	6	82	7	74	33	19	15	30	19	21	38	112	148	34	29	29
C[T>A]G	39	60	106	165	115	42	92	45	102	48	142	57	59	37	58	188	24	51	8	66	43	21	101	92	147	117	3	51	152	84	87	19	352	76	30	34	130	29	57	66	7	138	74	339	51	43	74	35	10	118	52	58	30	9	83	112	101	49	29	7	17	12	29	18	69	34	11	101	174	30	93	24	50	35	17	19	17	28	10	55	65	46	42	74	110	43	7	18	17	21	8	13	88	15	80	32	27	13	30	21	34	46	127	120	40	44	29
C[T>A]T	50	85	139	486	127	76	115	115	194	43	230	92	99	42	122	274	24	39	20	99	84	42	219	129	226	218	13	65	360	108	173	22	1465	124	26	64	180	27	90	131	15	330	154	530	83	52	133	44	17	268	75	72	29	16	141	186	127	80	70	11	20	28	76	40	72	52	25	123	360	32	156	41	62	48	30	36	26	71	39	75	88	74	99	143	355	58	14	50	34	34	12	12	157	29	148	45	34	24	51	20	46	55	183	277	66	62	56
C[T>C]A	95	97	170	331	265	83	207	80	98	81	173	94	97	82	81	356	20	76	30	106	61	32	172	107	249	192	26	46	211	128	153	24	701	165	32	53	352	29	94	132	33	241	113	855	73	68	102	48	20	394	83	50	47	24	121	285	206	126	80	20	30	23	70	50	251	42	19	101	311	36	172	52	59	46	46	44	36	42	17	111	91	74	92	91	236	55	23	32	55	49	26	18	121	21	169	48	53	31	40	34	60	72	354	259	61	87	39
C[T>C]C	85	105	167	524	254	98	179	102	194	69	209	127	89	69	61	255	9	57	34	101	91	38	258	133	257	316	23	48	312	114	234	28	2041	112	31	65	234	36	106	143	19	384	127	1009	77	60	104	48	20	425	80	55	36	32	126	319	162	118	67	18	27	27	80	43	202	40	23	109	499	49	158	57	51	41	60	48	25	41	48	89	92	72	131	91	536	62	22	41	55	35	14	26	141	23	205	45	43	26	29	22	50	70	291	442	69	71	41
C[T>C]G	119	94	159	375	293	95	223	77	117	66	157	108	102	66	71	254	33	78	33	106	68	53	201	109	215	210	24	53	254	110	210	19	1332	152	39	62	261	27	98	112	35	306	125	879	88	34	85	40	21	442	81	68	43	26	147	283	182	108	83	24	26	32	79	55	264	33	24	97	388	40	125	34	57	46	42	55	31	40	50	117	91	65	118	67	336	47	16	27	51	77	21	19	118	30	199	46	36	28	46	19	45	61	309	352	69	88	33
C[T>C]T	156	158	260	1771	605	164	389	205	388	167	322	173	164	138	126	504	40	117	39	149	159	73	501	260	386	543	32	70	679	188	376	34	4130	222	69	100	511	41	162	303	40	959	167	1452	123	124	194	75	30	823	142	88	56	73	283	608	283	210	143	26	45	59	190	91	430	74	49	167	825	52	290	85	118	55	100	89	45	62	167	142	162	110	302	112	1114	80	39	70	79	94	43	36	185	58	524	73	56	69	45	47	70	113	491	1112	93	148	71
C[T>G]A	99	77	106	142	312	50	198	43	105	107	103	64	104	59	46	548	19	53	17	83	60	24	150	79	131	357	19	41	118	125	125	3	342	92	20	22	337	46	86	122	30	235	97	1105	47	50	54	29	15	213	112	74	29	21	89	282	252	126	75	9	19	10	45	48	406	31	25	73	386	37	173	22	64	23	30	45	29	36	28	90	86	63	65	51	168	12	12	18	30	47	18	10	61	17	123	36	45	19	25	18	30	33	200	149	33	86	29
C[T>G]C	31	41	73	351	132	33	89	40	111	17	94	29	32	58	28	163	11	16	18	28	34	16	104	54	109	247	1	20	106	56	110	2	1349	43	10	24	134	9	58	61	12	162	60	594	31	20	46	23	2	205	28	25	12	16	50	154	79	69	34	6	15	7	31	10	101	18	10	47	347	8	106	22	31	14	27	19	10	15	21	39	44	26	46	33	366	26	12	18	15	15	9	6	48	10	83	25	12	21	15	8	29	27	101	179	22	51	20
C[T>G]G	72	61	113	220	254	64	130	65	108	48	122	69	72	58	39	275	16	30	14	58	64	27	135	107	137	285	7	30	139	98	120	16	785	86	13	35	216	20	50	77	33	202	85	1201	55	43	73	32	9	236	69	60	24	18	80	200	140	79	57	15	17	8	42	30	287	24	19	89	410	19	134	22	36	21	20	33	14	31	20	53	71	42	52	70	240	33	9	28	37	35	8	10	73	16	119	36	25	18	17	21	33	41	154	149	39	60	24
C[T>G]T	259	180	287	4607	1056	307	564	311	1181	245	476	253	236	240	199	848	42	108	22	203	240	115	1270	283	553	1883	33	94	1006	214	836	39	12343	272	75	200	678	50	288	452	70	1804	270	4879	126	134	251	76	27	1545	261	124	46	100	353	1263	509	361	234	24	34	100	319	87	988	97	61	228	3162	63	580	158	99	49	93	130	63	91	339	148	161	181	528	143	3101	136	43	105	86	89	34	21	296	104	770	105	95	135	54	39	96	231	544	1941	109	242	89
G[C>A]A	82	161	261	233	166	107	239	79	187	77	259	114	136	58	364	297	46	61	40	175	127	71	140	193	441	89	27	69	347	95	266	46	215	257	41	111	293	42	70	82	31	268	123	470	172	75	113	65	30	439	95	77	41	41	273	255	198	58	66	40	37	35	57	89	80	78	45	179	125	70	209	49	70	85	45	49	30	81	26	102	102	107	65	152	187	141	36	35	50	47	51	47	270	68	112	70	30	29	49	36	156	56	191	190	189	109	54
G[C>A]C	42	88	142	135	103	68	108	50	106	47	120	85	70	51	107	348	24	45	24	110	60	30	93	98	198	80	14	53	164	53	137	23	124	135	24	49	225	16	63	52	20	134	74	427	67	53	79	35	9	193	78	55	27	13	108	118	121	39	69	10	17	7	25	30	80	20	13	101	132	22	103	32	42	43	24	25	23	33	16	54	58	52	46	76	113	58	10	12	28	27	11	19	171	18	74	37	23	18	26	29	50	30	135	112	70	59	48
G[C>A]G	6	12	18	19	12	10	14	7	14	3	17	16	4	10	21	27	2	4	5	14	9	4	13	23	30	4	0	3	26	9	20	4	26	20	6	7	18	2	7	9	5	22	9	54	11	5	12	7	4	42	15	4	3	1	24	10	9	2	12	4	5	2	2	7	4	7	1	15	20	5	12	8	5	7	5	4	1	10	5	9	10	9	2	8	13	6	3	1	6	6	6	3	22	2	6	10	6	1	6	2	6	7	15	13	19	15	5
G[C>A]T	59	117	207	149	110	116	179	66	155	55	200	122	127	71	250	275	36	46	29	152	88	43	124	168	361	116	26	49	271	88	202	31	212	204	25	69	238	24	86	64	30	209	90	879	136	52	99	45	22	374	89	52	38	26	213	195	136	69	42	26	22	27	36	52	66	47	46	171	191	30	164	34	42	78	44	26	31	56	13	104	76	93	44	106	173	102	27	23	56	38	34	33	284	41	86	59	35	36	29	22	113	39	205	149	141	85	39
G[C>G]A	16	30	65	116	49	33	49	31	114	15	59	33	28	24	42	95	8	23	13	31	29	19	54	51	59	53	2	21	58	50	37	7	97	63	6	22	82	12	32	36	9	59	28	441	29	18	38	17	3	98	22	25	7	3	53	60	46	18	17	9	2	5	14	11	17	18	8	67	96	10	51	9	17	17	11	6	4	14	7	25	37	26	9	30	57	11	3	9	12	7	6	4	57	5	44	16	16	17	8	9	13	14	102	40	40	25	17
G[C>G]C	22	41	110	175	51	26	129	28	115	15	74	42	41	20	39	103	7	21	10	29	47	22	69	51	99	91	5	25	74	49	38	5	103	77	14	16	116	13	45	34	14	70	53	594	35	22	43	34	4	122	41	39	17	5	55	81	66	27	32	15	11	6	17	13	19	6	7	55	109	11	57	15	23	16	11	14	6	13	7	49	35	17	12	45	76	14	6	6	19	6	4	6	84	7	27	10	18	11	10	8	24	28	113	62	31	39	17
G[C>G]G	2	7	11	24	7	8	8	1	13	4	14	4	8	2	8	10	2	2	1	3	7	2	6	6	6	3	0	2	17	6	4	3	7	8	2	7	10	3	7	5	5	15	7	93	8	2	2	2	2	18	3	5	3	2	8	15	7	4	2	1	0	0	2	0	3	5	0	9	22	2	4	3	1	2	2	2	3	2	1	9	3	3	2	4	10	4	2	1	1	1	1	0	21	1	5	4	3	5	4	1	0	2	10	4	4	3	1
G[C>G]T	66	65	138	209	87	44	157	45	308	23	101	90	60	25	61	133	30	40	14	45	51	32	115	96	156	97	16	27	116	94	98	12	138	182	15	33	213	17	81	88	40	86	72	1184	77	21	56	27	19	228	56	52	38	14	97	111	92	31	56	28	14	18	42	26	35	20	23	114	182	25	64	17	25	32	29	21	13	25	21	63	70	43	11	61	143	16	10	17	26	29	8	20	122	9	44	25	18	19	13	15	25	34	178	114	63	42	29
G[C>T]A	88	224	397	484	228	185	176	116	481	63	293	185	160	77	206	225	56	74	77	147	98	68	183	179	383	137	27	94	378	158	249	35	492	444	63	103	452	47	139	136	65	261	162	1729	197	97	157	78	31	619	105	109	65	34	258	217	174	125	81	30	47	48	67	41	66	63	34	163	513	63	215	46	88	91	42	43	36	88	43	133	126	105	82	141	325	112	42	45	48	39	23	34	528	21	186	97	72	43	64	42	121	94	506	280	160	140	75
G[C>T]C	85	219	393	400	217	176	219	100	406	53	230	185	157	93	169	230	72	82	85	175	119	82	201	208	322	166	31	106	334	167	228	53	486	425	54	102	397	48	149	111	64	249	148	2006	157	95	149	79	20	629	121	104	91	28	242	239	192	112	86	29	39	37	48	43	59	61	41	156	541	70	238	53	98	99	31	45	30	71	47	138	131	110	84	127	277	108	30	49	53	50	22	26	562	30	166	94	74	42	83	57	92	79	464	285	158	152	75
G[C>T]G	174	409	643	542	232	297	269	153	256	106	323	381	367	233	182	320	79	133	148	268	145	120	224	238	568	275	56	204	602	307	523	84	520	563	97	250	558	68	221	126	132	456	314	2038	291	164	307	164	58	945	191	181	119	75	423	444	397	252	170	68	87	73	115	112	96	124	66	208	530	135	385	150	172	142	83	96	78	182	75	232	266	203	154	222	426	89	71	93	98	108	76	81	622	68	338	195	92	66	118	91	225	251	655	522	233	269	146
G[C>T]T	137	245	422	463	278	217	261	146	533	78	333	267	217	126	164	263	65	91	105	181	173	110	218	266	327	182	29	134	416	231	263	58	628	629	92	125	599	57	193	154	90	336	216	2560	250	120	193	112	41	1004	141	143	95	39	327	282	242	155	117	43	53	38	76	60	76	85	53	182	665	78	241	69	105	137	71	57	44	126	62	168	145	136	118	171	343	153	35	67	65	61	27	43	663	43	231	119	97	66	103	51	119	128	596	385	204	152	78
G[T>A]A	21	68	86	85	85	31	99	45	53	45	85	40	62	112	56	248	23	48	8	57	30	26	92	84	152	163	6	49	87	126	58	8	120	60	19	36	235	14	86	74	22	127	82	224	70	70	72	34	7	113	55	60	34	6	55	101	101	48	41	6	10	11	21	7	60	17	7	70	84	30	78	22	61	12	21	17	3	29	13	105	98	40	23	61	95	31	8	25	25	18	5	2	51	3	57	33	33	14	32	20	30	35	166	121	35	67	26
G[T>A]C	20	24	37	71	55	30	49	61	49	26	65	36	86	141	36	148	24	20	15	35	25	33	79	65	72	174	4	52	85	136	57	4	220	83	20	30	104	13	91	42	10	65	84	359	78	79	114	56	3	69	74	103	33	2	41	78	74	46	27	2	4	6	15	11	28	32	3	48	146	27	85	33	49	17	14	15	2	24	9	86	120	75	22	46	86	32	6	44	11	4	4	3	58	6	33	45	46	14	47	39	19	31	118	103	35	63	42
G[T>A]G	34	30	76	59	46	35	71	37	46	24	77	38	37	37	45	109	15	38	13	47	30	22	69	48	90	66	6	25	101	57	54	7	145	42	9	26	109	15	33	55	15	94	59	221	36	30	59	14	4	96	33	26	22	4	46	71	76	34	24	3	6	10	21	7	24	17	8	67	97	19	63	20	25	24	11	6	3	24	7	50	57	31	17	46	68	37	4	17	17	6	5	3	66	5	36	31	16	21	28	15	16	17	96	59	22	34	23
G[T>A]T	34	59	94	192	66	56	84	50	104	38	134	75	70	46	73	199	26	40	25	79	56	26	124	86	194	100	14	36	174	74	124	12	357	88	19	49	164	16	55	84	18	145	86	450	83	41	74	43	2	142	54	54	41	6	85	112	86	55	52	9	16	16	36	21	43	27	8	89	173	21	102	19	52	35	15	15	8	38	19	66	59	72	54	86	117	53	10	22	22	24	7	7	94	9	88	26	22	17	21	15	28	41	160	146	45	50	33
G[T>C]A	79	124	241	218	206	112	247	57	118	56	170	119	114	99	77	341	31	62	31	106	74	45	184	115	273	228	21	57	207	156	150	22	459	159	32	50	398	49	126	125	41	246	145	1304	93	93	117	61	20	392	91	77	45	24	141	292	211	108	76	15	20	22	44	47	172	42	18	122	285	44	185	44	69	36	36	45	31	56	36	111	150	59	73	79	199	43	14	31	58	46	23	23	151	27	126	47	62	47	49	26	54	60	398	266	78	111	56
G[T>C]C	78	93	183	307	135	70	148	76	173	39	142	73	84	114	56	240	28	39	17	69	59	33	170	76	208	492	11	57	182	159	162	26	648	108	42	51	249	34	113	86	50	196	164	1649	66	70	100	51	10	383	84	76	35	20	128	309	159	120	66	23	20	16	43	33	151	33	17	77	514	26	177	52	52	19	30	36	17	60	36	108	91	59	75	73	222	36	12	33	32	39	15	24	140	16	92	67	41	29	38	33	31	99	249	242	52	162	37
G[T>C]G	93	85	182	185	175	73	148	60	84	38	124	61	87	56	73	268	23	51	24	77	53	38	138	90	194	172	13	38	153	115	138	30	492	129	28	55	199	30	87	81	27	184	121	1146	62	53	79	51	13	272	82	48	29	16	84	256	174	93	65	10	23	12	34	27	197	35	35	88	308	30	160	39	38	29	31	39	25	49	31	83	121	47	65	66	207	26	16	34	39	44	16	14	108	16	110	47	32	26	25	22	31	56	273	180	60	93	34
G[T>C]T	90	123	247	703	211	91	267	94	162	62	228	112	143	135	110	370	29	61	26	106	85	61	227	126	374	307	20	74	259	182	204	29	934	174	53	67	416	42	131	154	48	304	160	1508	103	92	157	76	26	416	89	84	55	23	142	346	237	132	82	12	30	31	74	50	188	47	30	135	393	49	194	52	87	41	59	47	27	59	46	148	158	93	85	87	284	50	20	45	51	59	25	25	171	27	164	63	60	57	55	58	49	89	443	344	88	125	61
G[T>G]A	28	42	79	92	98	18	94	21	78	47	88	23	46	41	45	269	7	27	5	26	40	15	76	44	126	180	6	26	47	131	59	6	120	48	16	22	220	23	57	80	18	86	74	349	28	41	61	30	3	103	53	39	16	5	34	151	88	42	26	4	5	5	20	14	119	14	8	24	218	21	78	24	49	8	21	16	9	22	14	105	89	28	23	29	88	10	3	20	20	16	3	5	29	8	48	26	16	13	12	8	31	21	122	83	17	58	21
G[T>G]C	13	19	33	120	72	11	45	21	66	25	48	19	32	37	23	142	6	12	8	20	26	6	50	32	52	157	1	15	42	39	43	4	421	31	4	14	82	7	29	34	7	63	65	428	18	9	32	14	1	92	56	27	5	6	28	111	47	33	26	0	8	6	15	9	92	13	6	30	210	7	62	12	13	5	9	8	3	9	20	29	37	23	16	13	107	7	2	15	10	13	1	3	20	2	41	9	11	13	8	11	10	16	67	83	13	38	11
G[T>G]G	24	41	65	155	97	42	66	34	93	21	79	26	57	39	36	136	16	24	12	35	39	24	89	48	92	146	6	24	82	64	62	11	341	46	16	33	108	16	61	50	18	93	76	706	40	29	54	26	13	110	41	27	17	3	60	115	73	46	40	8	7	10	14	15	94	24	16	49	304	15	79	19	34	23	18	15	6	22	17	48	69	42	26	44	119	38	7	21	25	15	5	18	56	6	62	26	14	12	20	9	18	34	90	86	29	41	23
G[T>G]T	86	66	131	1077	352	80	202	128	720	62	193	87	104	129	70	468	26	43	9	72	106	48	379	103	213	1002	12	54	304	198	290	11	3432	95	30	62	351	33	178	177	45	555	257	4606	72	65	131	39	9	572	106	92	30	29	131	818	219	165	77	13	23	23	83	23	554	59	40	115	2397	30	322	68	53	15	36	33	22	65	93	88	151	65	163	74	886	45	16	59	37	33	8	15	144	28	241	51	80	47	30	31	49	152	181	588	54	187	40
T[C>A]A	101	177	328	258	197	180	318	80	457	169	256	186	140	114	365	972	42	108	42	606	122	57	222	214	1009	316	35	70	381	143	289	36	293	377	42	100	545	49	94	120	65	361	170	2124	171	102	115	61	18	713	127	109	40	34	249	311	349	139	114	35	27	26	63	66	500	57	38	355	422	66	252	54	92	66	74	61	33	92	13	115	87	108	181	140	249	86	25	35	92	44	26	46	592	47	166	76	36	71	46	37	189	68	519	282	152	122	51
T[C>A]C	52	132	180	193	100	87	143	50	164	51	165	97	87	51	169	258	35	34	30	110	67	35	133	113	277	93	11	42	195	83	158	24	212	160	24	61	182	31	65	42	22	179	75	543	118	50	113	38	14	264	78	51	30	20	149	147	129	63	48	16	17	14	37	41	58	36	12	203	187	33	138	18	47	41	33	26	26	40	15	56	76	65	48	111	130	81	18	16	42	23	12	29	202	27	85	53	24	22	30	21	91	48	180	135	75	75	37
T[C>A]G	7	17	14	24	19	13	27	8	20	9	17	20	8	12	27	40	4	8	4	24	11	9	13	18	59	19	3	7	25	9	24	8	23	43	7	16	38	3	6	8	4	20	10	90	13	9	11	13	1	54	6	7	12	5	31	42	17	14	8	3	7	2	6	7	11	2	6	22	26	8	23	5	7	10	4	5	5	10	1	12	15	16	9	10	22	15	2	5	6	7	7	7	50	13	18	13	7	1	9	4	6	6	27	25	16	12	7
T[C>A]T	164	259	563	326	289	400	488	103	593	203	450	356	235	211	525	1292	64	115	75	902	158	89	368	382	1530	382	54	94	624	169	522	61	500	658	63	152	882	56	147	174	85	624	200	4422	269	162	219	81	48	1212	193	133	57	50	481	470	501	222	143	57	54	52	88	121	539	97	52	605	587	63	399	86	125	106	104	89	53	125	34	163	169	157	287	213	458	186	37	47	131	83	52	61	1202	65	265	119	45	87	68	58	276	91	894	455	282	180	110
T[C>G]A	27	46	185	386	65	46	282	22	240	38	110	54	41	23	100	116	16	24	8	54	35	46	97	89	156	108	6	22	128	70	55	13	173	72	14	19	153	28	81	79	15	126	69	1830	72	40	91	32	6	124	51	39	12	9	68	135	89	26	31	8	14	12	20	13	22	9	11	359	582	16	86	19	33	24	17	16	12	22	13	49	75	47	15	70	176	25	10	13	11	14	2	6	86	6	54	19	18	16	15	7	50	37	94	73	29	41	17
T[C>G]C	29	51	83	199	58	40	79	24	145	13	97	39	36	19	62	95	12	23	10	41	41	19	69	77	118	62	11	30	84	45	57	12	144	49	18	15	127	18	39	54	9	82	44	1010	58	30	51	33	4	103	33	28	9	4	57	98	59	15	23	5	12	9	17	15	15	16	4	224	338	15	72	21	18	22	13	15	12	19	9	41	51	36	18	53	110	31	10	17	16	11	6	8	71	11	39	24	14	19	22	13	28	30	98	68	30	30	10
T[C>G]G	5	5	11	38	3	7	43	5	16	3	13	3	4	4	2	10	2	2	3	4	6	6	14	7	11	11	1	5	19	4	9	0	12	5	2	1	17	1	8	10	1	8	8	123	11	0	9	3	0	9	4	3	7	0	6	13	7	4	4	0	0	1	5	0	0	1	3	23	31	0	6	4	2	3	5	5	3	2	1	4	5	4	0	8	11	2	2	0	2	4	1	0	11	1	7	3	2	4	3	0	1	6	15	8	6	3	3
T[C>G]T	50	88	263	458	132	78	367	55	344	52	203	89	92	39	175	245	28	30	25	70	93	64	198	182	332	183	19	39	200	130	130	19	347	152	30	51	295	54	133	156	36	202	108	2518	122	61	141	27	15	254	75	83	32	11	153	242	153	46	69	15	15	20	59	23	62	24	11	594	897	29	111	29	76	44	36	27	25	38	22	87	98	71	32	113	280	36	19	32	23	30	13	17	158	18	77	39	19	22	28	21	87	54	208	131	65	87	33
T[C>T]A	97	283	717	586	241	160	242	107	658	51	374	177	179	131	243	315	65	76	81	137	158	65	195	320	787	203	20	94	322	199	229	37	582	374	69	92	645	46	159	150	65	490	142	4560	209	124	209	85	17	574	93	125	71	31	252	358	250	167	113	38	46	61	84	53	83	56	39	447	3286	55	271	81	111	78	28	61	36	103	32	134	131	113	112	146	441	132	50	45	63	59	37	27	496	28	196	82	65	44	67	46	316	121	644	278	153	137	72
T[C>T]C	91	290	489	549	222	189	220	123	448	65	326	173	146	102	238	246	51	91	77	145	242	75	200	244	617	171	25	116	349	186	249	54	516	396	71	101	479	52	119	137	57	381	148	2725	207	121	188	110	26	484	104	93	65	29	242	309	187	167	106	36	48	65	67	53	64	75	48	319	2141	68	233	57	117	92	43	61	41	91	41	131	131	143	110	140	396	95	51	50	57	57	31	30	559	38	202	105	63	54	80	52	191	128	618	253	165	124	72
T[C>T]G	102	209	413	283	126	181	214	97	155	81	173	187	173	107	116	162	56	87	65	124	119	65	120	143	264	127	35	110	289	190	256	37	218	289	61	99	315	53	113	99	64	266	148	928	162	108	161	92	38	405	104	104	71	35	229	227	196	143	100	47	78	58	76	56	56	82	34	112	401	80	189	84	90	79	62	81	40	105	40	124	142	117	77	122	229	57	56	54	66	68	61	56	317	45	166	99	48	29	88	48	144	161	367	302	147	122	77
T[C>T]T	138	286	695	606	293	193	319	117	631	80	461	201	187	172	270	443	60	104	84	187	192	89	235	331	831	221	44	99	374	250	327	50	677	482	92	94	753	62	169	192	86	564	223	4305	216	136	219	89	30	601	134	113	86	29	256	408	266	208	123	49	65	65	90	65	136	85	41	428	2905	70	341	84	152	87	60	68	43	103	38	168	155	150	145	181	484	131	46	58	65	81	33	39	616	38	251	124	85	56	93	54	259	137	788	396	205	174	80
T[T>A]A	108	214	308	253	255	130	269	99	238	203	265	153	166	155	171	767	37	142	37	182	130	47	240	207	606	493	26	94	285	285	244	27	396	237	52	69	551	87	159	247	72	433	180	1582	150	123	177	72	33	535	128	173	56	25	222	462	337	180	122	24	45	34	72	63	290	52	32	192	388	64	288	80	179	52	62	50	40	95	30	175	190	109	110	136	297	68	26	40	68	73	22	32	278	30	219	62	69	28	55	58	92	77	564	398	106	128	59
T[T>A]C	17	41	87	156	56	46	58	42	59	38	85	43	42	43	51	162	16	28	19	45	36	17	80	64	116	78	12	23	111	52	84	12	252	64	11	37	126	8	44	41	8	76	77	354	46	35	61	30	4	102	44	33	14	4	57	79	61	48	45	6	7	10	21	8	26	29	2	75	147	20	76	23	21	19	16	10	8	25	11	39	52	34	33	65	98	35	7	15	15	9	11	9	92	11	59	36	17	13	25	22	20	34	93	112	32	28	28
T[T>A]G	34	82	95	109	213	39	111	44	100	196	114	48	54	50	45	405	17	74	16	67	43	18	85	89	177	259	7	44	97	77	83	12	187	77	24	22	256	50	62	143	20	148	75	274	49	55	75	29	7	197	66	83	23	12	81	128	167	92	79	7	7	8	14	21	204	22	9	70	120	30	131	22	64	21	12	21	14	22	10	72	53	60	51	49	97	29	5	19	16	30	5	7	76	9	114	35	23	17	25	21	27	34	196	142	33	43	27
T[T>A]T	82	169	271	323	199	101	230	127	222	142	265	136	165	95	148	627	44	106	48	127	114	47	238	226	448	356	27	86	315	198	254	31	898	191	47	92	428	52	169	184	46	387	197	919	135	92	165	81	22	447	136	104	72	30	200	298	276	143	111	23	25	22	86	52	167	56	31	199	328	74	271	42	112	51	54	43	33	72	30	113	142	115	110	183	306	87	22	54	61	44	17	24	240	22	193	61	51	40	88	42	101	90	432	377	114	142	71
T[T>C]A	109	138	293	412	258	110	294	99	141	89	232	108	136	145	97	565	34	92	38	133	89	58	221	171	398	278	21	71	245	216	182	39	542	196	48	72	592	48	155	191	57	335	175	1166	104	125	134	72	26	434	116	84	55	22	159	341	256	162	116	20	26	31	85	53	287	57	33	143	313	55	201	57	103	47	57	56	33	56	32	143	174	94	97	99	274	43	20	37	55	73	23	19	152	38	202	70	73	52	62	53	73	93	525	409	67	141	67
T[T>C]C	86	109	223	376	215	99	218	85	231	82	173	119	127	161	94	447	32	62	42	117	75	43	206	123	329	531	14	56	260	213	232	34	832	179	28	64	422	32	147	126	47	304	205	1984	116	98	165	71	18	469	127	125	38	19	158	422	203	124	99	27	31	30	86	40	274	45	28	140	640	35	209	56	82	41	60	76	33	74	38	133	176	74	108	100	311	57	10	36	50	53	20	20	180	29	143	70	60	33	44	49	65	114	453	341	79	176	53
T[T>C]G	69	77	152	173	169	87	144	62	56	44	110	47	67	64	53	287	28	52	26	90	45	27	111	85	168	144	17	51	154	92	150	21	460	123	35	38	256	21	74	73	19	199	80	731	63	37	85	28	12	239	83	40	30	10	86	215	138	74	58	12	20	17	45	32	200	27	21	77	220	33	106	29	41	30	37	45	15	38	20	59	60	49	59	56	163	34	20	26	27	33	12	14	107	21	100	41	29	22	29	27	34	42	271	225	43	73	33
T[T>C]T	172	287	400	583	492	191	459	158	191	153	375	184	225	188	167	916	62	138	51	203	141	83	421	282	614	509	39	97	412	355	362	31	1379	303	63	121	947	86	261	318	91	646	285	1846	151	178	272	116	32	666	168	159	92	46	221	612	472	236	167	37	65	41	126	104	499	89	47	188	499	90	406	91	154	63	113	91	59	92	72	231	275	140	186	131	574	85	45	48	95	111	25	46	262	46	265	116	106	56	63	80	108	129	798	690	108	246	88
T[T>G]A	132	212	180	438	588	77	309	99	221	483	203	131	249	106	151	1504	54	213	19	198	113	34	327	129	349	1122	25	103	181	289	205	15	406	175	35	53	823	201	210	389	59	538	245	1206	99	153	120	58	12	319	423	339	64	22	155	504	479	184	186	8	29	10	50	74	835	57	25	102	539	85	459	46	227	26	48	72	25	61	19	205	230	102	109	94	262	32	20	52	33	119	9	18	134	28	291	92	74	39	49	50	72	82	315	356	47	152	71
T[T>G]C	27	66	83	178	109	31	96	37	91	44	87	33	47	53	57	261	21	36	9	26	38	17	87	53	125	205	5	33	75	88	81	6	675	55	18	23	160	32	60	76	19	139	78	459	45	38	68	22	5	112	68	49	18	3	47	115	96	56	39	7	7	10	17	18	85	9	7	48	205	12	91	16	35	18	20	12	16	19	15	51	42	28	27	44	161	20	5	14	11	18	8	2	32	11	73	25	17	13	19	9	20	27	120	131	28	41	18
T[T>G]G	57	48	106	223	175	73	113	38	83	104	123	45	80	44	76	285	16	49	18	60	47	25	118	89	150	215	13	39	122	90	83	13	441	77	26	32	199	33	74	113	27	147	89	682	59	49	60	26	10	185	95	80	25	9	92	157	131	60	55	13	18	17	36	26	144	33	15	77	211	24	141	23	68	27	29	30	11	35	26	73	89	49	38	56	136	29	11	21	25	27	18	18	76	15	111	35	27	18	30	27	21	53	145	138	35	66	20
T[T>G]T	197	227	376	1167	763	235	525	276	681	307	414	209	299	247	207	1424	58	151	31	272	154	94	770	266	732	1429	38	105	606	306	586	37	6173	358	75	147	953	97	266	379	90	1219	362	4866	176	177	271	103	21	965	323	219	75	60	329	827	593	302	228	26	40	62	150	123	1036	88	44	275	2149	77	630	115	195	55	80	99	55	80	130	206	224	145	346	173	1077	119	33	97	85	108	23	32	346	43	449	129	107	69	81	56	133	172	598	1119	121	316	90
