Mutation Types	CLLE-ES_SP115057	CLLE-ES_SP115060	CLLE-ES_SP115064	CLLE-ES_SP115070	CLLE-ES_SP115073	CLLE-ES_SP115085	CLLE-ES_SP115089	CLLE-ES_SP115093	CLLE-ES_SP115097	CLLE-ES_SP115099	CLLE-ES_SP115102	CLLE-ES_SP115105	CLLE-ES_SP115108	CLLE-ES_SP115111	CLLE-ES_SP115114	CLLE-ES_SP115117	CLLE-ES_SP115125	CLLE-ES_SP115128	CLLE-ES_SP115131	CLLE-ES_SP116728	CLLE-ES_SP116730	CLLE-ES_SP116732	CLLE-ES_SP116734	CLLE-ES_SP116736	CLLE-ES_SP116738	CLLE-ES_SP116740	CLLE-ES_SP116744	CLLE-ES_SP116746	CLLE-ES_SP116748	CLLE-ES_SP116750	CLLE-ES_SP116752	CLLE-ES_SP116754	CLLE-ES_SP116756	CLLE-ES_SP116758	CLLE-ES_SP116760	CLLE-ES_SP116764	CLLE-ES_SP116766	CLLE-ES_SP116768	CLLE-ES_SP116770	CLLE-ES_SP116772	CLLE-ES_SP116774	CLLE-ES_SP116776	CLLE-ES_SP116780	CLLE-ES_SP116782	CLLE-ES_SP13278	CLLE-ES_SP13279	CLLE-ES_SP13280	CLLE-ES_SP13281	CLLE-ES_SP13283	CLLE-ES_SP13291	CLLE-ES_SP13293	CLLE-ES_SP13297	CLLE-ES_SP13299	CLLE-ES_SP13307	CLLE-ES_SP13311	CLLE-ES_SP13315	CLLE-ES_SP13317	CLLE-ES_SP13319	CLLE-ES_SP13323	CLLE-ES_SP13325	CLLE-ES_SP13327	CLLE-ES_SP13331	CLLE-ES_SP13339	CLLE-ES_SP13347	CLLE-ES_SP13359	CLLE-ES_SP13361	CLLE-ES_SP13363	CLLE-ES_SP13365	CLLE-ES_SP13367	CLLE-ES_SP13379	CLLE-ES_SP13399	CLLE-ES_SP13421	CLLE-ES_SP13433	CLLE-ES_SP13442	CLLE-ES_SP13478	CLLE-ES_SP13481	CLLE-ES_SP13487	CLLE-ES_SP13490	CLLE-ES_SP13509	CLLE-ES_SP13514	CLLE-ES_SP13539	CLLE-ES_SP13594	CLLE-ES_SP13619	CLLE-ES_SP13624	CLLE-ES_SP13671	CLLE-ES_SP13677	CLLE-ES_SP13683	CLLE-ES_SP96834	CLLE-ES_SP96882	CLLE-ES_SP96888
A[C>A]A	44	24	41	27	30	31	45	76	44	31	40	46	59	98	49	18	21	28	43	29	44	40	49	51	18	45	48	19	61	32	103	36	43	39	42	40	66	23	18	36	39	55	74	43	59	118	101	53	41	61	39	43	74	54	31	18	28	16	30	11	76	38	26	58	21	57	33	24	54	39	32	43	87	68	51	28	36	53	30	42	45	33	39	33	44	36	18	63	57	32
A[C>A]C	26	27	31	15	12	39	33	57	27	22	24	27	30	77	36	10	21	20	25	23	49	32	25	41	23	28	33	15	37	34	54	25	25	18	26	27	56	32	18	26	29	34	49	30	21	22	32	41	18	45	21	39	47	39	18	9	22	22	34	17	70	32	20	41	20	43	20	21	51	28	24	42	58	31	23	30	29	39	24	24	32	26	35	21	35	26	12	35	67	25
A[C>A]G	5	6	3	2	2	7	7	7	7	1	7	5	7	16	5	3	1	2	1	10	6	6	3	12	4	8	6	2	11	7	15	9	3	5	10	2	9	1	3	3	5	4	11	5	15	6	8	2	3	4	5	3	9	4	4	2	8	1	2	1	10	10	6	10	4	13	7	4	9	7	10	3	6	9	2	3	3	11	3	4	3	3	3	6	5	4	2	6	12	4
A[C>A]T	35	22	22	16	16	26	38	52	33	23	19	24	35	76	34	11	13	20	32	16	32	39	39	31	19	25	29	18	41	28	72	35	30	17	27	18	51	26	23	28	24	37	46	42	31	36	29	27	25	43	20	23	39	39	30	7	33	11	25	12	53	32	14	38	15	49	25	21	42	28	27	26	54	41	51	21	27	44	20	30	22	18	27	23	41	17	13	39	52	17
A[C>G]A	22	16	18	14	16	25	13	19	15	17	16	15	13	47	27	10	5	13	17	16	23	15	23	22	17	26	24	13	27	20	45	22	27	17	18	16	42	11	12	12	14	11	24	26	17	18	10	16	8	18	21	17	19	18	12	7	7	11	13	9	48	18	9	27	11	36	15	17	18	7	18	15	26	14	20	8	13	31	14	11	19	15	15	16	25	5	6	15	42	5
A[C>G]C	8	12	6	8	3	5	11	12	7	9	4	11	6	34	13	3	7	2	6	16	17	7	12	12	9	19	11	5	20	11	18	9	6	10	14	10	22	8	4	12	3	13	13	12	15	8	8	6	5	17	3	7	15	13	5	6	4	7	8	8	31	23	10	16	8	21	6	6	29	7	14	10	12	17	15	9	13	22	8	7	7	13	18	18	16	6	7	12	26	12
A[C>G]G	3	1	4	5	1	1	3	4	6	0	2	2	1	8	6	0	1	1	3	1	3	7	4	4	0	1	3	2	2	2	6	2	1	1	0	2	4	4	2	4	1	4	3	5	0	2	3	4	2	3	1	3	1	2	3	0	3	1	3	1	9	4	2	3	0	6	0	0	4	2	4	2	2	5	0	4	0	1	2	3	0	1	3	1	1	1	1	3	5	4
A[C>G]T	11	20	12	7	7	22	18	26	6	9	13	17	32	29	29	3	7	9	11	6	24	10	24	14	7	21	19	21	22	20	27	18	24	15	17	13	30	11	4	15	13	15	12	15	16	12	5	12	8	14	16	9	16	13	15	6	15	5	10	7	25	23	6	10	12	22	11	7	25	8	11	17	9	19	15	4	8	19	14	14	17	23	9	12	29	9	9	11	30	8
A[C>T]A	76	34	37	43	30	53	48	59	51	41	72	58	78	116	54	24	30	37	49	40	65	38	47	72	44	69	74	61	62	61	104	55	57	37	51	47	94	41	33	46	43	60	84	68	64	47	52	39	39	67	43	39	75	71	41	20	46	34	53	15	96	82	34	81	38	60	21	41	71	37	55	40	56	47	54	44	36	72	58	53	48	48	56	67	64	50	34	49	92	35
A[C>T]C	39	24	23	29	23	30	27	37	33	28	42	30	33	64	47	10	19	23	36	39	26	22	33	35	39	37	43	23	46	39	70	28	31	21	29	27	58	18	20	20	31	32	48	42	32	17	28	24	28	36	25	32	47	35	31	9	22	15	27	7	50	39	23	49	28	42	13	19	35	38	29	33	33	34	29	32	25	35	26	18	24	26	38	31	34	28	26	35	57	14
A[C>T]G	164	75	70	46	70	95	83	119	75	47	138	93	90	197	104	50	80	46	78	130	92	71	62	82	119	103	151	76	155	95	174	79	104	65	87	105	155	61	85	77	91	75	79	85	143	65	86	65	78	114	123	94	212	159	121	39	113	57	155	35	170	107	80	122	86	104	69	79	114	110	123	151	123	67	85	94	61	113	134	84	77	69	118	130	112	87	63	131	194	68
A[C>T]T	50	32	38	25	18	40	31	57	37	30	46	32	42	80	38	22	19	20	34	35	44	40	30	38	40	49	49	30	45	36	67	37	40	27	34	33	62	29	15	23	40	38	55	56	37	39	33	23	29	44	37	30	42	57	30	15	28	23	37	13	65	44	35	33	29	39	29	16	49	29	42	43	31	48	44	33	39	40	29	39	36	35	45	29	44	24	27	29	59	23
A[T>A]A	35	21	34	22	18	25	33	67	36	33	29	23	43	78	46	11	13	22	17	19	64	49	40	31	14	43	30	29	49	45	67	45	49	40	36	19	70	20	15	33	43	26	42	42	34	39	51	40	18	31	30	21	40	41	24	12	29	12	25	25	73	34	25	38	17	73	21	17	43	23	26	35	40	44	37	17	25	43	35	31	42	29	28	27	46	17	29	27	77	23
A[T>A]C	26	35	18	23	13	33	25	38	28	22	32	27	23	57	25	13	11	18	30	29	41	32	21	40	20	39	41	18	33	31	66	28	24	17	18	17	54	10	15	26	24	36	36	25	40	25	25	11	15	21	9	21	33	49	20	12	29	12	33	7	58	43	23	35	15	35	26	15	32	35	29	30	36	21	29	33	22	25	30	16	33	15	42	35	36	21	7	41	51	15
A[T>A]G	44	23	18	20	14	40	26	45	17	24	44	28	53	77	23	10	26	17	32	28	45	38	17	33	21	34	42	16	46	34	77	40	27	20	20	20	61	20	21	32	23	29	54	32	34	29	33	29	19	35	22	28	43	38	26	15	31	19	24	14	72	44	20	38	18	38	25	18	36	37	31	31	40	36	31	28	26	46	34	33	37	19	31	31	45	21	7	33	56	22
A[T>A]T	23	34	42	30	21	43	38	65	28	43	44	20	60	103	37	27	20	28	42	35	72	49	50	20	25	51	18	34	50	56	58	48	50	42	35	26	70	33	31	28	40	30	37	61	40	39	33	30	29	46	30	30	30	44	21	16	30	14	27	13	64	54	24	34	18	64	17	13	52	35	28	62	61	38	31	26	16	36	41	41	28	23	28	18	43	29	22	40	70	21
A[T>C]A	79	55	58	43	29	68	80	92	45	55	63	50	96	107	69	27	21	24	42	60	102	57	81	72	57	61	49	69	91	97	102	77	77	65	36	41	110	50	34	44	71	62	79	77	74	55	62	54	28	71	53	49	81	70	47	22	38	25	47	31	109	90	39	79	44	83	30	27	95	49	73	63	48	82	54	36	38	65	37	55	44	47	47	51	78	26	35	61	132	33
A[T>C]C	34	24	25	17	12	34	18	30	13	27	33	15	36	53	40	18	11	27	28	20	37	29	35	24	16	38	18	16	30	28	39	17	34	29	15	23	53	21	8	18	14	18	32	34	26	20	20	13	19	23	18	14	22	23	13	7	19	11	13	12	26	33	15	36	17	37	20	15	36	20	22	21	11	27	21	17	19	26	18	27	18	18	16	18	23	5	14	24	31	9
A[T>C]G	41	31	33	30	20	47	41	65	38	45	53	42	63	86	49	19	24	23	24	24	60	44	50	58	31	68	48	50	59	45	79	42	67	37	42	32	94	38	31	42	42	48	69	49	42	25	35	22	19	40	25	27	48	50	33	5	25	25	22	21	62	30	24	42	37	51	32	18	62	30	41	34	32	57	33	37	38	52	28	44	29	25	45	36	34	13	32	34	64	30
A[T>C]T	71	50	54	54	36	58	60	87	40	55	75	45	103	120	73	38	25	38	33	31	117	60	81	68	41	82	62	52	81	90	121	78	91	66	39	39	119	48	33	29	50	65	69	84	57	41	72	44	31	59	49	27	56	60	47	16	48	21	30	23	72	92	35	60	33	81	37	29	91	45	58	58	44	66	44	37	37	58	39	66	49	47	45	46	69	38	31	61	83	43
A[T>G]A	11	45	26	9	12	13	39	69	6	27	11	6	48	105	46	34	1	36	20	4	54	38	83	13	8	51	6	60	18	72	22	26	75	63	24	10	115	44	12	11	28	11	16	66	7	4	31	33	3	11	7	7	4	9	3	6	9	1	11	20	36	57	6	7	3	67	6	6	56	9	20	50	16	41	6	9	8	16	5	42	12	27	14	6	9	5	33	9	26	6
A[T>G]C	1	11	6	5	3	4	6	13	4	5	5	3	10	12	10	2	1	2	12	5	10	9	14	2	3	8	1	12	5	16	6	4	15	6	8	6	23	11	4	0	8	2	4	10	5	2	8	10	3	2	4	1	4	1	2	1	3	0	1	4	7	9	2	4	2	10	0	2	9	0	5	11	1	13	0	5	2	8	1	7	6	5	3	4	6	1	11	0	4	3
A[T>G]G	12	10	4	7	9	8	11	22	10	11	13	11	19	26	11	4	3	6	13	6	30	18	16	15	9	27	10	6	11	14	20	10	19	11	7	2	26	16	4	6	14	4	15	16	14	14	5	14	3	14	6	7	12	13	4	3	10	4	12	5	18	6	8	11	5	13	5	6	19	11	13	13	6	9	9	7	13	15	10	13	7	6	7	7	14	7	17	8	15	6
A[T>G]T	14	24	13	9	14	12	17	35	13	27	13	7	37	50	32	13	3	16	8	4	29	26	40	6	7	30	9	40	22	34	16	23	61	28	15	11	65	31	10	5	22	5	12	31	9	9	24	16	3	16	17	5	14	6	8	1	8	6	2	13	25	30	5	3	4	40	3	8	41	12	7	25	7	25	5	4	3	10	6	23	8	21	10	8	6	2	16	6	15	2
C[C>A]A	40	27	37	34	20	27	33	59	35	31	43	25	39	84	41	16	13	30	29	30	62	40	45	41	30	48	33	22	50	37	99	52	37	31	43	32	48	21	14	30	31	47	60	55	45	80	30	32	38	59	33	38	49	32	26	6	27	17	35	13	76	39	23	34	24	48	27	22	68	20	34	35	19	48	46	20	37	48	28	32	39	26	25	33	46	23	25	64	51	24
C[C>A]C	20	14	12	10	8	28	18	29	21	22	15	17	25	55	19	6	10	11	18	10	45	21	21	21	12	27	30	14	28	17	46	23	21	17	14	13	29	9	12	26	20	18	23	22	27	24	17	25	9	30	16	14	33	17	26	7	14	7	19	10	51	26	9	23	13	39	10	9	34	14	20	17	26	18	12	11	9	38	14	19	23	10	18	19	26	17	10	20	27	13
C[C>A]G	3	6	3	4	1	5	5	8	4	3	4	2	3	21	4	3	2	2	3	2	8	7	6	3	3	9	3	7	2	4	9	2	3	3	2	3	4	3	1	2	7	2	3	6	3	6	3	5	2	2	1	3	4	4	0	2	1	0	3	2	9	6	1	2	8	6	1	3	2	2	11	2	3	9	3	2	5	7	2	3	5	0	2	3	8	2	2	4	5	3
C[C>A]T	23	26	24	19	22	29	17	51	28	33	26	15	41	59	27	12	15	8	18	22	42	33	43	38	20	34	40	18	36	19	64	36	27	27	21	24	36	21	12	37	47	31	51	43	27	56	30	18	18	51	28	32	37	31	14	7	30	11	25	11	49	38	10	33	20	49	19	25	50	21	35	27	24	37	35	15	19	42	23	33	27	26	21	25	51	15	18	35	39	19
C[C>G]A	9	5	5	5	1	6	5	14	12	5	10	8	5	17	5	3	0	5	8	9	9	8	13	7	3	15	8	8	15	5	17	10	13	6	5	6	13	1	3	12	8	10	9	4	12	6	8	2	4	11	5	10	9	6	5	4	6	7	7	4	18	4	11	12	4	8	4	4	11	13	10	9	12	11	6	2	5	18	4	7	9	7	11	6	11	11	3	7	27	2
C[C>G]C	16	11	5	5	4	11	4	8	5	4	11	6	12	16	6	3	7	6	8	12	16	6	7	8	6	9	4	10	12	14	23	12	9	7	6	2	13	2	5	9	10	11	15	7	3	4	7	5	3	13	8	5	7	14	3	2	7	2	6	2	19	12	4	6	6	12	6	1	11	2	6	7	5	6	6	6	9	14	5	5	8	3	10	5	11	4	3	10	18	2
C[C>G]G	2	1	1	1	0	0	2	2	0	1	3	2	0	5	3	0	1	3	1	1	2	2	5	5	1	1	1	2	2	0	5	1	3	3	2	1	2	1	2	1	0	1	2	1	4	2	1	1	1	4	0	0	3	0	4	0	0	0	1	0	0	4	1	1	1	4	4	0	2	3	2	3	3	2	0	0	1	3	2	0	2	1	1	1	1	2	1	3	4	1
C[C>G]T	22	9	13	9	5	14	10	18	8	6	9	9	18	24	8	5	3	10	12	14	17	8	5	10	13	14	16	14	20	13	20	10	14	11	7	11	14	6	10	15	12	5	16	16	10	16	3	7	6	16	9	8	21	14	3	5	7	6	10	1	20	16	9	13	10	18	4	7	19	10	14	11	3	15	6	6	3	21	3	16	8	8	18	7	11	7	3	20	21	7
C[C>T]A	59	31	32	45	26	45	35	49	24	37	48	35	52	76	32	16	31	27	33	36	64	37	38	41	31	62	45	44	62	52	72	39	58	26	40	39	73	30	25	39	36	50	71	46	39	46	34	32	34	49	31	24	50	50	51	10	23	18	32	18	80	60	34	50	34	49	38	29	56	39	49	48	50	39	30	46	41	52	33	35	33	31	55	37	42	25	31	49	80	30
C[C>T]C	50	35	36	31	37	40	40	70	40	24	64	46	52	85	51	16	14	26	48	32	58	39	41	38	33	62	46	31	54	33	84	42	40	35	40	39	72	30	26	43	48	54	50	38	42	29	29	28	33	47	34	31	43	69	37	20	31	24	38	16	84	58	38	48	30	45	24	22	63	30	32	41	42	41	26	54	32	39	50	29	33	31	37	47	43	35	19	65	73	36
C[C>T]G	86	53	36	26	37	56	55	52	32	36	71	61	64	91	68	27	50	32	33	76	62	29	36	45	53	71	74	51	71	49	85	65	57	53	44	37	107	39	48	37	48	62	54	59	75	34	46	42	52	71	56	41	98	77	64	20	52	22	72	19	98	48	40	50	62	41	49	41	67	59	53	57	79	37	43	63	40	75	70	40	49	40	79	66	69	47	34	86	115	39
C[C>T]T	66	51	41	32	48	60	42	73	67	34	66	50	64	118	78	22	31	33	42	29	60	52	46	73	36	89	69	50	78	60	103	57	60	54	55	40	101	38	31	45	54	78	97	66	59	61	38	40	67	87	35	41	64	56	39	17	28	28	39	24	99	77	32	58	43	61	26	45	71	46	53	42	54	69	44	66	55	59	43	36	44	42	61	45	53	55	37	55	91	37
C[T>A]A	9	9	11	9	7	16	13	29	13	9	12	8	23	30	16	8	6	6	17	11	30	15	19	22	4	23	18	11	18	18	23	18	25	16	9	8	29	9	11	16	13	13	12	23	16	26	17	15	8	12	7	13	17	14	12	2	13	9	11	9	28	23	8	19	7	25	6	11	20	9	13	13	11	24	15	10	14	20	15	11	14	8	12	11	14	9	9	10	47	13
C[T>A]C	15	13	13	8	8	20	22	18	9	9	23	21	16	29	10	11	12	10	14	18	25	12	14	21	7	18	18	9	32	14	23	18	24	14	10	17	32	11	8	15	11	13	19	20	28	11	14	12	8	19	12	15	29	12	8	5	13	6	13	4	25	13	10	26	10	31	5	13	15	14	17	21	18	25	22	6	9	16	13	8	17	7	8	14	17	12	6	23	27	15
C[T>A]G	13	16	21	18	9	36	17	31	15	13	16	19	24	42	22	14	14	14	20	18	28	28	22	26	17	30	11	22	29	29	46	28	22	23	12	10	35	12	14	21	20	26	27	23	22	14	17	20	11	20	11	10	27	21	17	9	15	13	9	8	45	15	11	31	8	24	11	9	32	12	14	24	21	35	24	12	17	28	17	9	21	9	26	23	28	8	14	14	30	8
C[T>A]T	41	25	8	21	18	40	30	42	14	20	24	15	33	51	21	12	15	9	22	20	35	23	26	30	14	31	36	22	42	26	46	28	28	20	16	21	45	11	16	27	23	23	28	44	35	19	20	25	8	35	19	17	37	20	18	11	17	9	23	11	49	32	11	38	16	31	22	10	37	29	35	29	31	30	27	14	12	36	18	21	27	17	18	26	32	14	16	42	58	21
C[T>C]A	26	29	25	16	3	32	24	38	15	32	17	16	41	51	28	13	7	16	15	14	50	32	53	25	9	38	17	23	38	38	36	35	39	25	26	22	43	30	14	28	25	16	28	31	23	15	30	18	6	18	19	10	18	20	8	3	17	13	17	10	42	37	14	31	8	58	13	12	28	17	22	31	20	40	23	10	14	25	20	24	16	19	18	20	21	13	22	23	44	10
C[T>C]C	24	23	21	18	13	25	30	28	10	22	25	22	32	61	44	13	11	17	18	19	49	9	42	22	17	31	21	33	35	36	39	38	61	24	28	16	72	29	23	21	19	17	35	39	29	18	23	22	21	22	21	17	40	21	23	14	20	6	21	10	51	32	9	25	21	55	19	12	29	32	33	40	16	42	24	16	13	29	13	21	15	22	20	24	30	15	17	21	41	13
C[T>C]G	22	16	27	13	8	23	16	53	13	26	31	13	30	66	33	15	9	15	21	10	41	23	42	18	15	43	13	41	32	30	40	38	46	33	25	11	52	32	5	13	32	23	24	38	19	14	26	25	7	17	20	15	29	26	18	4	20	10	13	14	33	30	12	19	14	39	18	15	43	24	31	35	16	34	17	12	16	38	18	29	21	10	21	17	23	16	27	19	30	6
C[T>C]T	23	35	41	16	13	28	32	55	16	39	30	24	61	75	38	21	13	28	29	26	62	41	66	29	29	50	19	56	53	54	57	47	112	39	32	21	130	82	16	19	35	29	29	62	28	19	43	26	6	40	21	13	34	30	21	8	19	9	16	16	60	44	11	19	19	58	10	11	43	38	26	42	10	58	15	21	14	28	18	34	23	28	18	13	25	16	24	21	64	16
C[T>G]A	6	22	14	3	9	6	24	33	4	19	10	6	46	64	24	24	0	12	14	2	35	41	39	7	2	27	2	33	14	41	8	16	50	31	11	3	51	20	9	0	21	5	7	57	5	6	17	22	1	5	2	3	7	9	0	0	5	1	3	12	28	21	3	5	2	28	2	4	34	5	1	15	4	35	4	0	4	7	5	40	5	9	4	3	8	2	12	4	20	1
C[T>G]C	7	7	6	3	4	3	14	6	2	10	5	1	12	22	15	2	2	5	6	4	12	6	24	5	7	13	9	14	8	8	6	8	29	8	8	4	26	10	1	4	9	8	10	9	3	5	8	5	0	6	3	2	7	5	5	1	2	1	1	4	7	9	6	2	3	15	7	2	13	6	3	10	5	8	4	1	3	7	6	8	4	4	3	5	4	2	7	10	8	0
C[T>G]G	10	22	10	7	8	10	10	29	8	12	10	3	31	39	19	6	3	8	8	4	23	20	36	13	2	24	11	35	18	32	14	22	49	16	9	7	35	14	6	11	15	3	9	33	14	13	15	13	7	12	13	9	6	6	9	3	14	5	6	12	25	11	6	14	6	31	4	7	28	5	17	21	5	21	11	6	7	11	8	15	9	14	6	6	2	4	13	7	18	3
C[T>G]T	11	33	36	9	12	11	53	61	9	49	12	3	67	69	76	26	9	42	26	10	53	56	97	19	14	50	14	119	41	73	14	42	253	56	22	5	145	106	10	10	38	6	9	64	9	6	38	30	1	24	10	6	13	16	5	0	6	3	11	16	41	55	5	12	6	75	12	3	67	27	11	57	9	55	4	8	5	13	10	57	5	35	14	8	14	10	44	18	21	6
G[C>A]A	31	37	38	17	14	17	31	57	35	35	22	16	49	61	35	17	11	35	38	30	22	41	62	38	14	35	52	19	55	28	73	19	34	34	33	36	47	17	29	27	27	43	49	31	41	46	18	26	36	35	34	40	56	34	11	1	20	13	25	14	68	34	15	31	14	43	23	18	62	22	23	31	34	38	40	16	22	35	12	34	34	32	27	21	55	26	16	31	32	17
G[C>A]C	13	17	16	11	7	16	20	18	20	17	24	12	27	43	26	12	10	13	16	7	38	30	25	27	12	30	20	8	28	22	19	23	15	23	15	14	44	19	6	11	14	16	27	16	18	20	14	18	15	17	1	20	32	16	11	4	10	3	16	5	28	20	11	22	6	24	10	5	26	14	13	16	24	22	18	13	10	18	10	13	8	15	20	16	20	12	7	27	23	15
G[C>A]G	5	3	4	3	2	2	2	1	3	0	0	6	5	3	6	0	1	2	1	1	15	7	6	3	4	4	3	1	6	4	5	4	1	1	3	5	3	4	4	7	4	5	9	2	4	2	5	3	3	6	4	4	7	7	4	0	2	1	2	1	8	2	1	5	3	4	3	5	0	1	4	2	1	5	1	2	4	4	3	1	3	4	3	0	8	0	1	4	5	3
G[C>A]T	25	24	23	10	14	25	22	50	26	21	13	18	36	49	36	12	7	18	26	26	27	25	56	27	14	33	32	18	33	20	44	37	29	31	14	18	48	13	25	32	19	39	36	41	28	24	14	19	22	34	20	29	42	25	6	7	18	4	19	10	55	32	8	17	22	32	19	15	40	25	20	17	24	43	27	17	14	18	14	19	24	18	27	15	41	13	16	28	42	16
G[C>G]A	15	5	4	4	1	5	8	11	7	11	11	11	10	24	6	6	7	5	9	6	10	5	8	15	6	6	6	10	14	9	18	6	8	5	10	9	16	6	2	8	8	3	10	8	9	18	5	2	4	6	6	5	10	6	7	1	9	5	6	2	22	8	3	7	4	10	8	4	11	11	7	6	5	11	2	5	8	8	13	6	8	4	5	11	11	4	3	9	24	8
G[C>G]C	10	5	8	6	2	8	5	13	4	13	9	7	18	13	11	5	3	4	10	7	14	12	8	7	4	13	14	5	13	11	15	12	11	14	9	7	19	5	7	8	12	8	14	8	7	10	5	10	8	14	7	6	8	12	6	3	8	4	8	3	19	12	7	8	4	16	8	5	15	8	3	2	6	10	1	7	5	14	9	8	8	7	6	8	16	3	10	8	20	4
G[C>G]G	0	1	2	1	1	3	3	1	1	1	2	2	4	4	5	2	1	3	0	2	4	0	1	2	1	3	1	1	3	1	2	5	1	2	3	0	3	2	1	2	5	1	2	5	3	5	0	1	3	4	3	1	0	2	1	2	1	0	2	0	1	1	1	2	1	1	2	1	2	1	0	3	4	0	1	2	3	4	0	2	4	4	0	0	0	0	1	3	2	0
G[C>G]T	11	11	10	7	5	8	9	18	13	13	18	7	21	31	13	8	3	8	10	8	26	8	23	10	8	20	25	25	10	24	27	18	27	21	15	9	21	13	4	14	6	6	10	23	16	9	9	13	6	20	9	11	22	5	8	2	5	6	5	13	30	22	9	7	8	20	10	5	22	7	6	13	15	13	10	8	8	19	6	10	8	12	4	7	12	6	11	18	18	5
G[C>T]A	53	41	21	23	24	37	48	54	23	32	44	34	43	79	39	15	18	29	31	32	55	35	29	45	43	40	62	35	70	36	77	38	39	29	45	64	62	22	22	29	40	42	42	46	41	32	35	34	32	56	29	28	56	58	31	16	38	15	43	14	78	58	23	35	27	40	16	24	53	50	26	43	38	35	29	50	28	47	37	28	38	33	40	45	38	22	21	65	64	24
G[C>T]C	62	34	31	33	23	44	31	43	42	29	39	38	51	86	41	14	20	35	51	34	52	32	35	53	32	53	69	35	53	37	74	49	51	21	44	37	64	24	15	41	47	47	56	37	39	30	39	33	28	52	43	39	59	60	38	14	38	15	45	14	71	63	30	56	34	54	14	26	56	36	30	47	41	35	29	53	24	47	49	36	25	25	44	37	47	28	25	63	72	35
G[C>T]G	89	48	45	32	44	68	50	71	48	39	99	75	71	144	74	23	48	30	54	97	80	57	36	47	65	77	108	55	110	61	91	49	79	54	60	64	122	32	52	66	60	54	54	62	117	52	58	32	50	98	65	74	155	108	78	30	72	37	122	19	124	72	55	79	67	82	43	49	89	76	70	84	86	53	57	67	46	71	93	52	51	43	101	99	80	59	40	137	176	43
G[C>T]T	42	26	44	32	22	46	40	73	67	28	54	42	58	101	46	20	19	34	46	36	55	32	51	36	29	59	46	44	71	38	78	58	51	56	52	29	79	28	30	44	36	44	69	62	46	51	52	31	42	59	41	41	53	50	39	12	30	24	36	20	92	65	30	56	40	56	37	19	66	45	46	55	29	44	35	60	31	55	31	40	32	48	39	42	51	35	28	65	67	38
G[T>A]A	9	6	7	12	3	15	13	20	9	11	13	13	13	29	15	4	4	10	11	6	21	13	9	12	10	16	7	9	23	14	18	17	12	10	10	7	34	12	3	11	14	12	13	13	19	16	13	10	6	17	9	5	14	19	7	5	8	12	13	7	20	22	5	16	6	25	9	7	19	5	12	12	42	14	17	5	6	18	10	7	9	10	8	11	13	7	10	9	62	5
G[T>A]C	10	10	11	13	6	10	10	19	8	11	12	6	10	28	20	1	7	6	13	9	12	12	6	16	9	17	8	6	18	9	23	11	10	10	15	1	16	10	6	7	10	9	13	18	9	8	6	4	4	19	6	12	19	14	3	4	9	6	9	3	18	17	9	10	11	18	8	5	10	9	11	8	18	13	9	12	9	11	10	8	13	7	18	16	10	9	8	13	18	5
G[T>A]G	13	14	8	13	5	22	6	20	16	13	15	10	18	22	15	1	5	8	10	8	16	17	8	22	9	7	10	2	19	17	41	14	17	13	14	9	17	6	8	9	12	9	14	10	19	8	12	7	7	18	8	16	14	15	7	4	12	10	12	3	28	16	12	15	8	14	10	8	17	10	18	10	28	16	17	7	7	19	8	12	6	3	17	9	17	8	10	14	38	8
G[T>A]T	18	14	13	8	13	21	32	20	13	17	15	20	19	34	15	6	11	10	13	9	17	17	12	17	11	23	17	14	32	22	37	19	19	20	14	8	27	14	13	12	16	21	25	21	14	19	16	12	10	15	16	13	23	32	16	7	18	9	15	8	33	28	13	22	12	24	13	16	17	18	22	21	30	20	18	15	8	27	15	6	16	17	11	14	16	17	4	24	53	11
G[T>C]A	40	32	38	26	18	26	43	44	30	32	43	30	48	53	37	13	8	17	21	31	62	32	55	45	24	20	25	32	44	36	52	46	41	28	24	21	81	24	10	34	23	26	54	38	26	22	30	22	15	35	17	26	36	26	29	16	23	9	18	9	67	36	13	34	21	41	18	18	37	16	33	36	32	32	42	31	30	44	18	24	30	20	15	33	33	16	18	21	90	17
G[T>C]C	20	17	22	19	13	20	33	24	17	13	22	19	32	55	39	14	6	19	19	12	36	18	26	17	15	17	19	26	22	33	42	12	43	21	20	6	47	26	18	19	14	15	24	17	17	27	19	15	10	13	13	26	29	14	17	7	16	10	22	12	50	27	18	22	11	35	16	15	37	20	14	23	22	25	14	18	17	27	9	30	22	17	20	22	22	13	17	27	36	16
G[T>C]G	20	16	30	9	10	26	19	40	14	12	24	19	33	45	24	9	5	14	9	13	35	26	32	31	4	23	15	9	35	23	35	25	29	27	18	12	44	30	10	14	19	17	44	17	20	18	24	18	6	28	6	17	33	25	16	2	14	12	17	8	31	32	12	21	10	28	12	15	26	15	35	29	18	29	23	20	11	36	13	23	18	29	18	16	23	13	17	21	35	16
G[T>C]T	43	32	34	28	19	34	44	49	35	36	45	31	60	61	50	25	16	17	34	41	75	32	35	35	27	48	30	28	52	40	70	51	54	24	29	21	64	23	17	23	29	27	58	31	35	40	31	24	22	41	29	31	49	51	24	7	19	15	27	18	60	54	19	44	27	52	18	18	65	33	43	43	30	48	35	31	32	45	26	28	35	31	32	33	33	19	21	34	83	22
G[T>G]A	4	12	9	3	3	1	13	15	6	5	2	1	14	20	5	4	3	6	6	4	12	14	16	2	5	9	5	8	8	16	9	8	20	16	8	9	16	11	4	7	6	9	7	13	2	12	11	8	4	1	5	8	6	5	3	3	2	3	3	4	9	6	2	3	1	17	1	3	14	8	3	11	3	7	4	3	1	8	2	11	4	8	5	1	4	1	5	3	20	2
G[T>G]C	6	7	4	0	2	0	7	6	2	9	2	5	7	15	7	2	1	4	3	1	11	6	9	3	2	10	3	11	5	19	7	1	12	12	3	0	13	7	3	2	7	3	6	13	3	2	3	2	1	1	3	5	5	2	2	0	2	2	5	4	11	8	2	0	2	9	0	1	9	3	2	7	1	5	3	2	5	5	2	5	1	5	4	1	4	2	5	4	1	1
G[T>G]G	10	7	5	4	4	16	6	19	7	10	12	9	16	34	10	12	6	7	9	7	21	7	12	7	9	15	6	15	10	20	28	9	25	12	13	7	20	11	4	7	8	11	14	8	19	13	17	8	8	13	7	8	12	13	5	7	8	4	3	5	10	10	6	5	5	14	8	4	13	12	12	15	16	8	13	5	11	11	1	14	9	7	8	8	11	7	5	12	22	11
G[T>G]T	13	13	9	10	4	8	24	21	5	13	11	3	29	34	58	7	1	5	15	7	22	15	39	6	3	18	6	61	13	58	14	5	89	15	13	3	76	42	6	7	12	8	9	17	3	11	11	11	8	13	9	6	7	11	4	2	7	0	6	13	22	13	6	9	5	34	9	9	27	12	11	25	9	21	7	9	7	13	7	35	4	23	4	4	2	1	12	12	17	5
T[C>A]A	24	23	19	11	7	21	50	49	18	36	19	12	42	96	41	16	12	32	34	17	56	29	64	32	13	45	36	42	35	40	47	47	47	37	42	20	79	29	16	22	31	23	38	51	40	29	26	23	24	25	18	16	60	23	15	4	17	8	14	16	51	43	11	22	19	47	17	28	53	21	15	44	14	72	28	9	21	42	20	33	27	21	21	18	29	22	18	23	36	13
T[C>A]C	19	17	21	19	12	15	22	32	21	24	22	18	25	36	30	11	16	19	18	19	22	25	31	24	9	18	35	28	24	20	43	28	14	20	15	12	45	12	12	17	21	24	42	18	34	30	12	17	21	16	22	23	48	27	11	6	12	15	17	8	32	28	11	26	16	27	21	17	28	18	18	17	32	18	20	22	16	34	18	21	20	18	17	17	40	17	10	30	39	10
T[C>A]G	3	4	4	3	5	2	3	7	6	5	2	2	5	8	6	3	4	1	4	2	5	2	7	4	1	7	2	5	2	2	7	4	1	1	3	2	9	2	2	5	3	4	7	4	2	4	6	3	2	1	3	5	10	10	4	0	1	1	3	0	8	0	2	6	3	7	1	4	2	1	4	4	7	7	2	2	1	6	2	1	4	7	7	2	9	5	2	7	5	2
T[C>A]T	28	31	60	21	19	31	74	77	34	65	27	12	64	150	57	14	18	46	60	34	83	68	125	33	28	56	67	43	64	50	79	58	38	61	33	33	78	41	30	40	59	37	85	58	48	32	31	51	27	34	25	39	84	32	20	8	12	9	25	15	79	61	20	39	22	68	23	47	79	29	26	47	38	102	32	23	38	47	26	49	37	32	35	20	67	16	26	27	55	17
T[C>G]A	15	9	16	8	8	15	11	20	10	7	19	7	15	29	10	7	9	8	3	7	18	8	16	13	13	8	12	14	14	16	16	12	22	10	11	10	20	7	6	15	10	12	18	15	13	10	7	7	7	13	9	6	12	9	11	2	11	5	12	2	24	11	14	11	19	17	12	8	24	7	15	8	13	8	15	10	7	22	8	12	9	8	13	12	16	6	16	11	35	2
T[C>G]C	13	7	15	9	10	14	13	9	13	5	12	9	17	19	9	4	3	8	8	8	15	10	7	13	9	11	15	9	17	14	21	20	16	10	13	14	17	4	2	11	3	9	12	17	10	6	4	11	6	10	9	8	14	11	9	4	9	5	11	5	23	10	8	10	11	18	9	5	10	13	6	10	8	14	10	12	6	16	16	8	6	7	13	11	11	5	8	13	39	11
T[C>G]G	3	0	1	0	1	1	1	2	0	2	2	1	1	2	2	0	0	4	2	2	3	1	1	2	0	3	1	2	1	1	6	2	3	1	0	0	3	2	0	3	1	1	0	1	3	0	4	0	1	1	2	0	3	2	3	0	1	0	2	0	5	3	2	2	0	1	1	0	1	0	1	0	3	2	0	1	0	2	1	1	0	1	0	1	2	0	1	1	0	2
T[C>G]T	25	21	12	17	8	24	28	32	12	13	29	19	30	38	23	19	10	18	17	23	25	30	36	19	24	25	23	29	32	20	43	21	26	20	24	24	37	9	14	13	22	19	39	18	25	16	12	21	7	24	23	19	34	27	12	12	24	11	24	8	37	26	13	26	33	31	14	16	33	15	27	28	7	32	21	16	14	43	21	18	20	15	19	16	31	7	9	23	50	13
T[C>T]A	55	29	32	30	15	35	28	48	24	36	48	39	31	87	44	16	18	24	26	45	56	44	38	39	28	49	34	32	56	33	70	41	25	27	22	42	77	18	20	42	31	52	48	36	44	31	39	35	26	34	55	35	48	56	27	8	29	11	40	18	63	41	19	40	36	43	27	23	43	42	31	43	30	30	46	40	26	60	35	29	34	32	36	28	44	34	20	42	75	27
T[C>T]C	61	34	34	34	37	40	40	49	37	33	60	50	60	94	36	14	41	33	34	36	69	41	38	45	52	50	58	44	49	45	76	47	58	41	40	64	71	26	32	44	48	69	48	44	56	29	31	32	30	60	48	42	61	59	54	22	32	25	54	12	100	67	33	66	47	52	23	21	73	45	38	44	40	32	33	43	29	60	51	32	33	28	45	50	51	33	25	59	89	38
T[C>T]G	41	33	38	26	22	39	46	61	23	37	42	38	48	77	50	19	33	19	27	45	45	32	37	22	44	32	59	23	53	34	79	40	32	23	44	46	81	26	29	43	43	29	36	50	59	34	34	31	36	61	38	38	99	67	43	24	37	30	53	10	62	49	32	45	39	45	27	39	57	41	48	62	53	37	47	49	29	39	46	29	30	31	66	48	62	26	33	64	75	19
T[C>T]T	71	30	26	26	27	47	40	50	45	30	52	35	49	89	37	15	26	29	27	48	54	26	41	38	24	50	39	45	55	35	88	49	44	41	49	39	82	21	21	37	36	45	52	71	46	40	58	31	34	68	46	25	62	47	32	14	35	17	38	16	73	48	25	57	37	68	19	24	51	48	43	37	52	55	47	45	37	63	47	40	30	34	57	33	58	30	21	44	80	36
T[T>A]A	22	28	30	16	11	20	32	41	13	36	26	17	62	88	29	22	5	31	21	14	63	44	51	23	15	60	17	31	31	55	36	32	50	41	20	11	74	27	14	20	25	21	23	43	30	27	41	46	17	29	14	21	34	17	18	9	8	11	16	24	37	49	8	22	16	68	21	9	53	23	28	39	33	56	34	15	22	36	19	34	28	27	19	23	23	10	23	24	99	9
T[T>A]C	10	15	10	13	6	17	11	23	23	10	17	12	13	30	12	7	11	2	13	15	21	19	16	6	10	26	16	8	21	14	26	20	19	9	9	8	19	9	12	13	8	19	19	20	18	13	14	17	7	11	15	10	30	15	14	5	13	6	17	3	18	19	9	26	7	23	6	9	15	17	18	16	23	20	12	10	8	19	21	6	9	6	22	7	18	9	6	7	27	13
T[T>A]G	20	15	20	11	15	13	13	37	18	18	12	7	41	55	24	8	4	18	13	6	33	28	31	10	7	35	10	21	20	43	40	26	36	33	16	8	43	19	9	14	19	8	16	34	12	10	21	16	9	11	10	7	16	13	12	5	15	7	10	7	45	28	8	19	9	38	9	9	34	11	15	25	8	39	15	6	9	22	13	25	13	7	10	11	13	2	12	13	17	10
T[T>A]T	36	35	24	24	14	26	26	56	27	25	33	24	60	83	31	25	11	13	28	21	51	36	45	34	19	46	31	41	33	56	59	28	45	44	32	18	68	27	16	29	32	34	32	55	37	25	39	25	22	40	16	24	31	31	26	12	24	11	28	12	44	40	8	34	17	50	22	24	48	32	40	46	30	45	37	16	21	54	24	26	30	31	29	26	34	27	30	31	86	23
T[T>C]A	41	34	32	30	24	22	44	52	22	39	39	22	61	79	36	22	6	22	34	26	60	49	48	38	34	50	21	36	49	46	84	37	64	35	34	29	73	22	25	22	33	28	44	43	35	39	32	44	21	29	29	18	31	42	33	10	25	11	30	17	72	51	19	53	29	46	21	14	54	28	40	45	25	38	32	29	25	45	29	41	37	28	30	36	50	16	30	22	117	12
T[T>C]C	19	23	28	19	10	27	41	47	13	25	33	33	26	70	41	9	10	22	21	18	49	39	34	32	17	44	21	36	41	53	66	36	48	20	22	17	62	27	11	27	31	26	30	32	33	23	22	26	14	26	26	15	36	32	14	12	14	14	30	18	65	31	14	42	14	68	25	30	54	18	37	34	26	43	21	12	21	42	22	24	23	22	24	29	41	21	18	34	65	14
T[T>C]G	20	9	27	19	11	20	19	32	12	28	17	30	41	59	25	9	4	16	22	17	38	29	28	21	14	23	20	24	36	27	36	16	20	21	26	13	32	19	11	13	19	15	16	32	19	15	11	25	9	17	18	4	17	24	8	4	23	7	12	15	36	19	15	29	12	28	15	11	25	13	18	26	13	37	7	17	16	17	18	14	14	10	17	24	21	17	12	21	30	10
T[T>C]T	38	57	38	35	25	39	57	86	27	57	51	34	82	117	64	32	13	35	41	41	101	60	111	41	33	71	36	61	65	85	55	62	79	68	51	20	108	65	30	26	56	38	48	92	39	36	58	50	19	56	39	25	41	46	31	5	31	17	30	23	79	80	16	48	33	97	22	25	84	33	58	64	37	75	29	34	24	59	26	69	26	27	36	33	49	20	40	48	86	20
T[T>G]A	16	44	34	12	11	12	41	81	7	49	11	10	80	122	67	41	3	52	31	5	68	74	117	12	6	86	10	89	25	111	20	33	113	95	45	5	157	60	14	7	42	12	14	115	10	6	48	34	5	7	7	6	11	4	9	5	7	5	7	27	44	65	6	8	6	72	8	6	113	4	11	55	9	73	9	5	7	21	6	59	7	28	20	6	10	5	56	12	46	9
T[T>G]C	6	8	12	7	1	6	7	8	6	14	9	1	12	22	11	8	1	8	3	5	10	13	17	3	3	17	4	18	5	14	10	5	28	10	9	4	25	4	4	4	10	8	5	16	5	2	4	10	3	12	1	1	8	4	4	2	3	3	3	10	16	13	2	2	4	11	3	4	13	2	2	10	4	12	0	4	4	17	3	15	5	15	7	3	7	2	12	2	9	4
T[T>G]G	5	10	10	7	7	8	14	34	10	11	12	5	33	36	18	10	2	13	15	10	45	11	21	10	9	19	3	27	16	26	25	14	29	20	11	11	27	9	10	15	16	9	10	41	18	13	14	10	3	10	15	6	9	10	9	7	10	3	7	5	25	20	8	19	3	30	5	6	23	11	16	26	9	25	12	8	7	26	9	20	8	7	6	9	9	7	8	16	24	9
T[T>G]T	18	55	51	10	19	15	70	89	8	52	13	14	96	125	78	49	10	44	29	11	80	66	115	22	13	84	21	99	43	141	36	35	145	77	39	12	144	83	15	15	31	13	24	110	13	16	42	44	6	22	7	18	32	19	14	5	11	9	18	30	55	42	11	17	9	96	8	6	78	15	20	51	14	81	13	11	12	37	12	97	14	50	24	14	18	9	45	26	48	11
