Mutation Types	CMDI-UK_SP116784	CMDI-UK_SP116786	CMDI-UK_SP116795	CMDI-UK_SP116797	CMDI-UK_SP116799	CMDI-UK_SP116802	CMDI-UK_SP116804	CMDI-UK_SP116806	CMDI-UK_SP116812	CMDI-UK_SP116815	CMDI-UK_SP116818	CMDI-UK_SP116819	CMDI-UK_SP116820	CMDI-UK_SP116823	CMDI-UK_SP116824	CMDI-UK_SP116826	CMDI-UK_SP116829	CMDI-UK_SP116830	CMDI-UK_SP116834	CMDI-UK_SP116835	CMDI-UK_SP116837	CMDI-UK_SP116839	CMDI-UK_SP116846	CMDI-UK_SP116848	CMDI-UK_SP116851	CMDI-UK_SP116852	CMDI-UK_SP116853	CMDI-UK_SP116856	CMDI-UK_SP116857	CMDI-UK_SP116860	CMDI-UK_SP116862	CMDI-UK_SP116871	CMDI-UK_SP116872	CMDI-UK_SP116876	CMDI-UK_SP116878	CMDI-UK_SP116881	CMDI-UK_SP116885	CMDI-UK_SP116888	CMDI-UK_SP116889	CMDI-UK_SP116891	CMDI-UK_SP116893	CMDI-UK_SP116896	CMDI-UK_SP116897	CMDI-UK_SP116901	CMDI-UK_SP116902	CMDI-UK_SP116904	CMDI-UK_SP116905	CMDI-UK_SP116909	CMDI-UK_SP116910	CMDI-UK_SP116913	CMDI-UK_SP116915	CMDI-UK_SP116920	CMDI-UK_SP116923	CMDI-UK_SP116925	CMDI-UK_SP116927
A[C>A]A	3	34	7	6	50	22	31	24	13	11	11	12	26	20	10	21	53	60	29	29	41	27	17	29	4	11	19	20	22	24	28	10	5	3	17	17	23	20	27	14	32	5	7	30	36	6	7	24	39	39	51	18	26	17	21
A[C>A]C	0	17	2	1	11	9	16	16	9	15	7	7	9	10	11	14	37	48	11	12	32	20	13	17	5	8	13	16	14	7	10	3	4	0	15	11	22	2	6	7	26	2	1	5	7	1	2	11	24	22	27	2	7	8	15
A[C>A]G	0	1	2	0	4	1	1	1	3	4	0	0	1	0	0	2	6	7	1	3	6	3	1	1	0	2	2	0	3	3	5	0	0	0	7	5	2	2	5	1	4	1	0	0	0	1	1	2	3	4	3	0	2	2	2
A[C>A]T	0	10	3	3	12	6	17	19	7	8	6	10	15	4	6	5	42	51	5	9	34	22	9	14	5	9	9	11	11	13	12	3	3	0	16	6	13	7	13	4	14	3	3	6	12	0	3	11	19	12	16	1	6	1	4
A[C>G]A	3	9	3	2	32	10	17	14	7	7	4	7	15	7	7	10	27	27	6	13	32	13	11	19	4	6	10	12	19	16	20	5	2	4	13	17	25	12	28	7	23	6	8	15	22	3	9	9	20	15	19	7	16	15	15
A[C>G]C	1	4	1	1	14	2	12	13	3	3	2	2	4	6	4	6	16	18	2	3	10	5	4	7	4	4	5	6	8	3	4	1	1	0	4	4	13	2	5	2	5	1	1	1	2	0	2	4	9	4	5	0	4	1	1
A[C>G]G	0	0	1	0	7	1	2	3	1	1	0	0	0	1	1	2	5	2	0	3	4	2	1	2	1	3	5	3	3	2	2	0	0	0	1	1	1	1	1	1	3	2	2	2	1	0	0	2	2	5	3	1	3	1	2
A[C>G]T	0	10	1	2	18	4	12	10	7	3	4	3	10	2	1	3	24	27	1	6	26	7	8	11	1	3	8	14	17	6	7	0	1	2	13	5	17	6	12	6	15	4	4	3	4	2	3	6	20	8	11	1	6	5	8
A[C>T]A	3	51	14	14	62	38	62	59	35	21	31	29	56	23	20	31	96	99	33	46	101	58	50	67	14	24	39	46	60	58	74	22	19	5	59	34	63	17	39	23	47	20	22	38	69	9	8	32	49	61	83	19	62	36	47
A[C>T]C	0	15	14	6	27	18	32	37	22	15	18	21	27	14	10	16	57	64	22	33	64	40	23	35	11	14	28	28	35	27	41	8	7	2	40	19	32	19	32	15	41	9	11	24	34	7	9	17	28	34	56	2	27	21	24
A[C>T]G	2	103	22	21	94	46	145	151	137	103	56	66	112	88	65	118	150	170	63	130	207	154	74	110	35	66	98	74	97	75	142	22	14	10	83	68	177	59	104	53	129	22	20	57	86	21	26	82	123	115	176	37	90	68	97
A[C>T]T	1	36	8	3	53	26	48	45	20	15	18	17	39	30	24	36	87	93	34	50	82	42	19	38	12	21	29	40	50	42	45	18	4	2	55	33	56	20	27	18	47	16	18	34	42	7	16	26	46	36	46	10	42	33	39
A[T>A]A	5	12	1	4	25	23	18	18	7	6	14	10	21	4	6	5	34	38	13	15	32	17	4	14	4	1	11	10	16	5	12	0	4	1	11	5	38	5	15	11	19	6	4	10	15	15	3	14	40	14	20	4	10	8	16
A[T>A]C	1	15	4	0	12	5	15	16	9	7	8	7	20	7	7	14	27	38	13	13	22	14	14	19	5	10	14	13	16	9	18	1	1	2	3	4	12	5	11	5	11	0	0	4	6	0	3	10	20	14	18	3	12	15	14
A[T>A]G	1	12	1	1	12	6	10	7	6	4	8	9	22	6	4	7	19	24	6	9	30	17	11	13	0	3	11	8	15	8	13	2	3	1	10	9	17	3	7	10	14	3	2	3	9	0	2	5	13	10	13	3	8	4	11
A[T>A]T	0	6	0	1	21	8	20	15	11	6	2	9	12	8	6	15	25	36	8	16	33	19	7	13	5	8	14	12	14	13	19	3	2	2	4	11	32	6	12	8	21	1	1	9	12	3	1	10	29	10	9	2	11	6	11
A[T>C]A	3	26	9	8	60	20	39	37	16	19	13	12	22	12	8	23	49	49	29	50	68	36	15	27	13	19	31	36	42	21	38	13	12	5	30	24	49	25	31	9	33	11	11	15	26	6	7	26	45	32	44	8	39	17	30
A[T>C]C	1	8	3	4	35	8	11	9	11	2	6	6	12	4	2	5	13	19	4	11	28	10	4	10	7	8	13	11	9	8	13	3	5	0	9	8	17	2	8	2	7	4	5	6	8	1	0	7	27	15	20	5	5	12	15
A[T>C]G	0	20	3	2	23	12	21	20	17	7	14	17	24	10	9	14	30	30	18	32	52	26	16	28	3	10	23	17	19	16	36	3	6	0	26	11	34	13	25	11	29	8	10	11	20	3	6	13	23	19	37	10	25	17	25
A[T>C]T	2	29	8	4	70	25	39	43	22	16	25	25	40	20	13	23	49	54	22	42	92	47	27	33	10	18	30	28	32	31	38	10	10	2	30	30	42	22	38	12	43	12	11	28	30	5	14	22	46	31	48	4	20	21	32
A[T>G]A	1	6	3	0	7	1	6	7	3	3	1	0	6	1	1	2	9	12	8	8	24	11	4	8	1	2	5	2	12	3	10	3	4	0	2	3	34	5	23	3	7	2	1	8	4	0	1	5	21	1	10	0	5	3	6
A[T>G]C	0	1	0	0	14	1	5	5	1	0	2	2	3	2	1	4	6	6	2	1	3	2	2	2	1	1	2	2	1	2	3	0	1	1	2	3	7	1	0	1	0	2	0	0	0	0	1	0	2	3	4	2	2	0	3
A[T>G]G	1	6	3	0	25	4	9	12	5	1	4	5	10	4	3	3	11	12	6	10	16	8	6	10	3	5	9	9	9	2	6	6	2	1	10	9	14	2	5	10	8	5	1	4	6	0	0	3	7	3	10	2	6	3	5
A[T>G]T	0	5	5	2	14	2	5	7	3	3	4	4	7	3	4	5	9	9	3	5	16	8	6	10	1	1	2	5	4	2	3	3	4	2	6	1	9	2	11	2	5	2	3	2	4	1	2	1	7	6	11	0	0	5	3
C[C>A]A	3	21	4	7	35	12	23	22	12	8	14	17	19	10	9	15	50	46	9	17	41	24	16	24	4	11	15	18	25	19	28	10	12	2	30	20	23	7	18	18	35	14	9	13	34	4	4	20	30	32	39	15	16	20	19
C[C>A]C	2	6	1	1	17	4	15	12	11	10	5	4	5	5	3	6	27	35	9	12	26	13	6	10	5	9	10	20	22	7	12	2	3	2	5	7	19	7	9	7	16	3	2	3	3	5	4	6	19	8	9	1	8	5	8
C[C>A]G	2	0	1	0	7	1	6	3	1	1	1	2	4	1	2	2	4	3	3	2	3	2	1	1	0	0	1	2	2	6	4	0	1	0	3	3	6	3	1	3	3	0	0	1	2	0	0	1	4	4	6	1	2	2	3
C[C>A]T	2	16	5	1	30	15	9	14	8	7	5	4	8	8	6	8	34	33	4	8	31	16	8	10	3	7	14	14	14	5	14	6	3	3	10	7	7	6	10	4	11	4	2	11	18	6	4	9	11	19	19	1	9	8	8
C[C>G]A	1	1	0	0	9	5	5	4	3	0	4	4	6	2	3	3	17	11	6	10	17	7	1	8	5	6	9	6	6	7	10	1	2	2	8	2	5	0	4	7	10	0	1	5	7	0	1	7	13	6	8	2	7	2	7
C[C>G]C	0	3	0	0	15	1	9	6	2	1	5	6	8	2	2	3	10	9	2	5	11	4	3	5	2	3	4	2	3	4	8	1	3	0	4	4	8	4	9	2	6	2	1	1	5	0	0	5	9	9	11	0	3	4	5
C[C>G]G	0	0	1	0	7	0	3	3	2	3	2	2	3	3	2	3	4	5	0	0	2	0	1	1	0	1	1	2	1	4	3	0	1	0	2	3	5	2	4	1	2	1	1	1	1	0	0	0	1	1	3	0	1	2	1
C[C>G]T	0	8	0	1	7	2	10	12	6	4	6	6	8	3	3	3	20	20	4	5	18	7	4	6	3	6	6	8	8	7	7	2	1	0	6	6	11	0	10	3	8	4	2	5	9	1	0	3	10	10	13	0	2	4	8
C[C>T]A	2	35	13	8	43	18	49	49	20	16	29	29	48	17	17	20	56	45	17	36	72	44	26	37	9	13	21	25	32	31	39	9	9	2	32	14	29	14	33	23	42	13	9	21	28	3	8	23	41	38	43	16	36	25	34
C[C>T]C	0	39	8	2	47	31	38	37	27	19	24	23	46	20	13	27	79	87	28	38	72	40	25	40	10	16	33	31	40	27	51	6	5	5	32	41	51	15	29	34	57	7	5	25	33	4	12	30	59	29	52	9	31	31	38
C[C>T]G	3	45	13	11	78	23	59	60	54	57	30	32	48	43	35	61	70	87	33	73	95	90	28	45	19	36	43	38	52	52	71	12	5	6	42	25	79	28	51	23	32	11	11	33	42	9	14	45	67	65	101	14	30	37	53
C[C>T]T	3	61	15	10	61	42	63	64	39	37	42	43	67	20	14	24	117	126	46	50	107	55	48	70	19	32	47	46	52	49	52	18	14	9	52	61	79	33	58	41	96	19	17	40	59	9	16	47	73	59	79	23	67	38	56
C[T>A]A	0	4	0	1	14	2	3	3	4	2	5	6	8	4	3	4	15	22	3	10	10	5	5	10	1	3	5	7	8	2	8	3	4	2	2	1	16	0	9	6	11	1	1	4	6	1	0	2	15	5	7	1	5	1	4
C[T>A]C	0	7	2	1	8	3	6	6	1	2	1	2	3	3	2	5	12	19	1	10	17	3	6	6	2	5	7	10	11	4	3	3	2	1	7	7	12	5	7	3	8	1	2	4	5	1	1	6	13	4	5	0	0	8	10
C[T>A]G	0	4	1	3	42	5	8	8	4	1	3	4	10	3	2	5	15	18	3	6	21	13	4	7	1	2	5	5	7	1	5	2	5	1	0	3	11	3	10	7	11	2	3	7	11	1	0	8	9	7	11	5	8	5	5
C[T>A]T	0	8	1	3	14	3	7	6	6	3	1	3	8	6	4	7	12	15	8	12	17	5	7	10	3	8	10	10	8	5	6	1	1	2	8	4	8	8	14	4	11	1	1	5	5	0	2	8	17	6	13	2	4	4	5
C[T>C]A	0	10	2	2	56	7	13	11	10	5	9	12	22	2	2	3	25	27	7	12	23	16	11	15	5	7	9	8	7	10	15	6	10	1	11	3	17	2	8	6	20	4	2	9	12	2	0	10	22	13	19	2	10	8	8
C[T>C]C	3	14	6	4	43	10	15	12	11	11	12	14	14	11	5	13	28	23	13	12	28	16	8	10	4	9	10	14	15	7	16	4	0	2	15	10	21	9	15	6	14	7	9	5	10	4	6	12	15	4	11	7	9	11	13
C[T>C]G	1	8	2	1	28	4	8	9	6	7	8	12	13	5	3	5	35	34	16	25	29	13	8	14	4	6	7	16	20	9	11	4	5	1	10	7	22	6	15	3	9	5	3	7	11	1	4	8	16	16	23	4	11	9	12
C[T>C]T	0	16	5	2	53	5	27	28	12	7	15	16	24	7	9	9	28	24	12	17	27	8	13	15	5	5	9	19	19	11	13	6	8	2	11	9	18	9	15	7	17	3	2	10	14	5	6	8	19	18	27	9	18	5	6
C[T>G]A	0	6	0	0	2	2	2	2	1	0	2	2	2	0	0	1	6	10	2	3	8	4	2	1	1	3	5	2	5	4	6	1	2	0	1	3	18	1	6	0	2	0	0	0	0	0	0	2	11	3	6	0	3	1	1
C[T>G]C	0	1	0	1	11	2	4	3	0	0	4	4	4	3	3	3	5	7	4	4	3	4	0	3	0	0	0	5	4	2	2	2	1	0	3	2	7	0	0	3	5	1	0	1	2	1	0	3	6	3	4	0	6	1	2
C[T>G]G	0	5	1	0	4	1	8	8	0	1	2	4	5	1	0	2	12	14	2	7	4	2	2	6	4	6	6	3	6	4	5	2	2	1	2	1	9	3	4	4	8	3	1	1	2	1	0	5	11	8	8	2	8	5	0
C[T>G]T	0	2	1	0	9	5	8	8	2	2	2	2	6	2	1	2	8	8	3	7	14	8	1	3	1	2	2	6	8	2	6	0	1	1	2	3	7	0	2	0	3	2	2	5	6	0	0	0	8	6	9	1	6	5	7
G[C>A]A	2	17	4	5	40	8	20	20	11	10	7	8	11	8	6	10	44	37	12	20	36	25	17	13	7	14	13	14	15	11	10	4	2	4	13	13	19	6	13	4	12	3	4	8	15	1	2	18	20	19	25	8	15	6	12
G[C>A]C	0	9	2	3	24	5	16	15	5	4	4	4	8	6	4	10	30	26	5	10	21	12	6	8	4	7	8	7	6	7	15	4	3	2	9	4	13	7	11	1	3	1	1	2	4	3	0	6	14	5	8	0	6	9	11
G[C>A]G	0	0	0	0	20	1	3	2	3	1	2	2	2	2	1	2	4	7	2	1	3	2	2	4	0	4	4	5	4	2	2	0	0	0	2	1	3	1	1	2	3	0	0	2	2	0	1	3	6	0	1	0	3	0	2
G[C>A]T	0	6	2	1	26	6	13	14	7	7	2	2	7	6	2	6	25	28	6	14	16	13	8	11	3	5	10	13	14	12	12	3	2	0	9	5	17	5	7	4	9	0	0	6	8	0	3	9	14	11	16	6	6	4	6
G[C>G]A	0	6	2	1	20	8	6	4	6	4	1	2	2	1	1	1	16	17	6	10	16	7	10	14	2	4	6	6	8	7	12	0	2	0	6	2	7	6	10	2	9	2	1	4	4	1	0	3	9	8	7	1	3	7	8
G[C>G]C	0	7	1	0	26	1	6	5	2	2	5	4	6	2	1	2	12	15	4	8	9	7	0	3	2	4	4	3	6	1	7	2	2	1	2	2	5	2	6	1	5	0	0	3	6	0	0	3	7	8	7	0	2	1	3
G[C>G]G	1	3	0	1	7	1	0	0	0	0	3	2	2	0	1	1	6	7	2	4	1	2	0	0	0	0	2	4	4	3	4	0	2	1	1	1	3	0	1	2	4	2	3	0	1	0	0	0	0	0	0	1	2	1	0
G[C>G]T	0	7	0	0	13	4	3	4	4	3	1	1	4	2	1	3	9	11	3	4	9	6	1	3	3	4	5	3	12	8	3	4	2	0	3	2	8	2	11	1	4	1	0	3	5	0	0	5	10	3	6	1	3	4	7
G[C>T]A	1	31	9	4	20	9	25	28	20	11	13	15	24	19	17	28	82	78	12	21	65	35	18	27	5	13	23	18	28	23	36	9	6	3	20	25	37	14	31	14	24	8	8	9	23	5	6	24	38	38	46	5	18	14	31
G[C>T]C	1	33	10	4	22	14	59	51	24	14	22	21	39	29	25	37	66	77	24	43	79	46	22	37	19	24	38	23	29	27	45	3	3	1	26	36	44	27	38	16	51	3	4	16	30	6	3	29	57	29	34	16	35	22	34
G[C>T]G	3	64	15	23	56	25	91	75	71	63	32	36	56	52	43	78	93	93	45	89	106	96	32	46	24	43	59	58	82	45	76	8	10	5	45	26	84	31	50	30	59	11	12	34	44	9	6	47	88	66	98	19	41	18	40
G[C>T]T	2	52	21	9	40	24	57	51	26	17	26	28	45	21	15	31	144	150	31	44	111	57	31	45	13	22	35	39	44	45	76	11	11	5	55	39	54	20	47	27	77	11	11	46	47	4	18	38	46	50	65	16	58	33	57
G[T>A]A	2	8	1	1	2	3	3	3	1	2	4	5	3	0	1	4	15	17	5	6	10	10	1	4	2	2	3	10	10	2	4	1	1	0	2	1	7	3	4	0	2	0	0	0	1	1	2	6	12	3	2	0	1	1	1
G[T>A]C	0	1	0	0	11	7	8	8	1	3	3	4	3	1	0	2	10	14	2	4	9	7	5	8	2	3	6	2	1	2	4	0	1	1	3	3	8	1	6	2	2	2	2	2	2	0	0	4	4	3	8	3	3	6	7
G[T>A]G	0	5	2	0	9	3	6	4	5	1	5	7	11	3	2	6	12	13	5	7	18	11	2	4	2	2	4	7	6	9	5	1	2	0	4	4	5	5	5	3	9	3	5	3	7	0	1	3	7	7	10	0	4	3	2
G[T>A]T	0	9	1	0	10	5	12	12	4	3	5	6	11	4	2	5	23	22	1	6	18	10	5	10	4	4	10	6	8	5	7	1	0	1	3	8	10	3	6	4	13	1	1	4	7	0	2	4	5	11	9	2	6	4	9
G[T>C]A	0	12	2	0	34	4	14	13	7	7	4	4	8	9	8	11	28	31	8	11	33	20	5	8	4	6	8	11	16	7	5	2	2	0	8	13	17	9	13	12	15	3	2	7	6	2	3	7	15	13	17	3	10	10	14
G[T>C]C	0	5	2	1	33	6	19	17	4	3	5	5	10	4	3	5	10	13	8	15	21	11	5	12	2	4	6	8	6	5	6	2	5	0	12	4	11	2	7	8	11	3	0	7	7	2	2	3	7	8	17	2	3	2	5
G[T>C]G	0	11	0	0	19	11	8	8	4	4	5	6	9	6	5	7	13	19	10	13	27	19	8	9	3	5	8	9	10	8	8	1	1	1	8	7	10	10	10	6	8	4	2	3	6	0	3	6	12	11	15	2	9	5	8
G[T>C]T	0	20	1	1	52	9	13	13	7	8	6	9	10	12	5	11	46	42	15	24	36	14	6	15	5	8	10	20	21	10	18	2	2	1	16	11	21	9	18	11	20	4	4	5	16	1	11	10	14	15	17	7	20	12	14
G[T>G]A	1	4	1	2	8	4	4	4	2	0	3	3	3	2	1	1	8	10	3	2	8	3	2	2	0	1	2	4	1	5	8	2	1	1	2	1	3	0	1	1	7	0	0	0	0	2	1	2	6	2	5	5	5	0	2
G[T>G]C	0	3	0	0	11	1	4	2	2	1	2	2	2	3	3	3	6	7	1	1	3	1	2	1	2	0	2	2	1	0	2	1	1	2	1	2	6	1	3	1	0	1	3	0	3	1	2	4	7	3	3	0	4	5	10
G[T>G]G	3	7	10	15	16	15	17	9	7	11	76	34	27	18	7	14	16	13	14	10	14	13	9	25	6	14	32	21	14	9	11	3	21	19	9	12	15	11	14	10	9	16	26	5	6	22	7	15	40	10	14	13	23	17	6
G[T>G]T	2	5	1	1	11	1	5	5	9	1	1	1	2	2	4	2	6	5	6	2	8	6	3	3	2	3	5	1	0	1	7	1	0	1	1	4	3	0	2	3	3	2	2	3	1	0	0	2	10	6	11	1	6	1	2
T[C>A]A	3	7	4	3	23	6	13	13	4	8	9	8	11	8	3	7	33	30	4	14	24	13	1	2	2	8	6	14	12	15	20	0	4	0	9	12	26	4	15	7	18	6	6	2	3	2	5	11	19	9	12	4	7	7	11
T[C>A]C	1	10	2	0	12	5	15	12	11	8	4	3	8	3	1	4	35	31	6	7	21	15	4	11	3	7	13	9	14	3	6	1	0	0	6	5	13	3	9	6	15	4	2	3	3	3	2	6	14	10	19	1	5	5	7
T[C>A]G	0	0	1	1	6	0	1	1	1	1	2	2	2	2	3	2	3	5	1	3	3	2	1	2	1	1	2	2	1	0	3	1	0	1	0	2	2	0	1	2	2	0	0	2	2	0	0	0	0	5	6	0	1	0	0
T[C>A]T	0	7	4	2	8	4	11	12	6	5	1	2	7	7	5	9	32	39	8	20	17	12	1	3	4	4	10	12	17	8	15	1	1	0	7	10	29	2	14	5	16	0	0	5	8	1	2	10	21	21	14	3	10	2	6
T[C>G]A	0	7	1	0	11	3	7	6	4	1	2	3	4	5	3	5	12	11	5	6	16	8	4	5	0	4	3	6	6	4	4	3	1	0	12	4	23	4	14	1	10	2	3	5	6	0	1	2	5	7	11	1	3	0	1
T[C>G]C	0	4	0	2	9	3	7	5	2	3	4	4	8	3	2	5	17	20	5	5	8	3	2	4	5	4	7	9	10	13	13	1	1	1	5	5	8	2	8	1	5	1	2	7	6	1	2	4	9	6	6	1	6	4	8
T[C>G]G	0	2	0	0	7	0	0	0	1	1	1	2	4	0	0	0	2	2	0	0	3	3	0	1	0	0	1	1	2	0	1	1	0	1	1	1	1	0	1	0	0	0	0	1	1	0	1	1	0	0	0	0	1	0	0
T[C>G]T	1	9	2	0	16	3	9	10	7	5	5	3	10	5	6	5	18	23	9	16	26	16	8	13	5	8	14	13	7	3	5	2	2	2	11	10	34	6	30	5	9	4	6	8	7	1	3	10	23	14	25	4	16	13	16
T[C>T]A	3	27	8	2	16	10	33	32	12	10	13	11	23	10	11	13	32	38	13	29	40	25	22	26	5	12	14	18	20	10	31	5	5	12	11	16	37	13	24	14	29	11	11	7	10	5	3	22	23	20	27	4	21	10	12
T[C>T]C	2	29	9	4	20	15	41	37	19	12	16	12	36	13	8	23	53	60	16	33	71	31	19	28	15	24	32	34	33	30	42	3	4	4	28	11	36	13	24	12	29	3	2	15	22	5	8	25	37	22	28	10	23	26	41
T[C>T]G	0	44	12	6	50	20	55	52	50	40	19	21	31	22	20	36	41	45	31	70	89	75	28	39	23	43	59	32	37	41	62	11	10	4	28	22	57	24	41	22	40	8	10	18	22	8	13	26	55	40	71	17	29	25	36
T[C>T]T	4	37	7	19	28	30	45	39	13	9	21	17	36	24	20	25	54	71	14	34	60	36	30	34	15	18	19	40	50	22	54	10	6	10	40	35	49	20	25	22	45	16	21	20	26	19	31	26	34	28	53	12	32	34	40
T[T>A]A	0	5	2	2	6	5	10	11	6	4	3	4	10	3	3	6	13	18	5	6	40	22	8	13	0	1	3	7	12	5	14	3	4	0	7	5	44	1	21	3	9	3	1	4	7	2	2	4	49	4	10	2	7	3	5
T[T>A]C	0	3	1	0	3	2	5	6	4	1	2	3	8	5	2	6	12	12	5	10	15	9	5	7	2	6	8	4	4	7	11	1	0	0	1	4	13	1	3	2	10	1	0	4	3	1	2	4	8	1	3	1	3	3	6
T[T>A]G	0	1	1	0	13	1	7	5	6	1	2	2	3	3	2	3	12	13	3	4	17	8	1	2	1	2	2	7	7	3	7	1	2	0	3	2	14	3	9	2	7	2	2	2	0	0	0	5	19	6	6	1	10	4	10
T[T>A]T	0	9	2	2	11	6	10	11	9	11	9	11	14	3	3	8	16	20	6	8	33	14	9	14	4	11	12	25	35	6	13	2	2	0	4	6	35	4	25	7	19	2	2	4	7	0	3	6	39	18	30	2	12	4	10
T[T>C]A	0	13	1	3	38	10	11	14	5	4	5	5	9	10	7	10	22	29	16	15	44	23	10	15	6	9	10	9	11	15	19	7	4	2	14	12	17	10	15	8	15	3	3	12	17	1	1	7	9	7	15	1	9	6	13
T[T>C]C	0	10	3	4	30	5	9	8	7	6	0	1	1	5	6	6	22	21	7	12	11	5	6	11	2	5	9	14	12	7	16	3	2	2	11	4	9	5	10	4	10	3	2	3	7	3	3	6	15	16	24	2	7	9	12
T[T>C]G	0	10	1	3	33	9	7	5	6	3	8	7	12	6	4	8	13	16	3	6	25	17	2	4	5	6	11	6	5	7	12	0	0	1	7	5	12	7	12	4	8	0	0	8	9	0	2	2	10	8	11	1	12	6	7
T[T>C]T	1	18	4	6	48	15	25	19	12	4	13	13	23	11	10	16	45	45	14	25	46	28	15	25	8	11	14	20	21	16	30	5	5	3	20	11	26	15	17	11	17	9	10	19	20	4	6	15	25	21	30	8	21	10	12
T[T>G]A	0	7	2	0	8	5	7	5	5	1	0	0	8	1	1	2	12	19	4	7	74	32	3	8	1	5	6	4	11	1	4	1	1	1	5	2	95	3	63	2	7	3	2	0	1	1	1	4	48	4	22	0	2	0	6
T[T>G]C	0	3	2	1	19	3	4	4	5	2	0	0	3	1	0	4	6	5	3	4	9	6	2	2	2	1	3	3	4	2	4	0	1	0	5	2	3	2	2	0	5	1	1	1	1	0	0	1	7	4	3	0	3	1	2
T[T>G]G	0	5	1	1	13	4	6	9	7	7	2	2	3	4	2	6	10	11	2	7	12	9	3	6	1	2	4	6	12	6	10	3	1	0	9	5	10	3	7	3	10	3	5	1	3	1	3	4	6	6	4	5	7	3	4
T[T>G]T	0	3	1	1	13	8	10	9	16	8	3	4	9	3	2	4	15	25	7	8	38	16	6	8	2	2	5	12	15	7	10	2	0	3	4	2	34	5	21	2	8	2	2	4	5	4	3	11	27	13	18	1	8	6	11
