Mutation Types	CMDI-UK_SP116788	CMDI-UK_SP116789	CMDI-UK_SP116919	LAML-KR_SP108998	LAML-KR_SP108999	LAML-KR_SP109001	LAML-KR_SP109002	LAML-KR_SP109003	LAML-KR_SP109006	LAML-KR_SP109007	LAML-KR_SP127706
A[C>A]A	7	1	0	47	27	8	32	24	25	31	27
A[C>A]C	9	3	0	13	14	0	8	12	9	8	68
A[C>A]G	0	0	0	2	3	1	1	1	2	2	4
A[C>A]T	2	2	0	17	24	3	18	11	6	16	38
A[C>G]A	8	1	0	16	28	6	11	9	16	19	23
A[C>G]C	1	1	0	1	4	7	3	4	3	9	4
A[C>G]G	1	0	0	4	4	0	1	0	3	5	3
A[C>G]T	1	1	0	14	7	2	4	5	4	15	16
A[C>T]A	21	10	0	58	52	11	43	43	54	46	36
A[C>T]C	18	11	0	35	28	9	32	26	26	26	29
A[C>T]G	62	23	0	184	109	32	111	76	84	138	54
A[C>T]T	19	7	0	51	37	12	32	32	36	34	35
A[T>A]A	6	1	0	13	15	7	5	5	10	10	17
A[T>A]C	5	4	0	17	11	2	8	6	12	7	14
A[T>A]G	6	6	0	13	13	1	9	6	6	13	10
A[T>A]T	7	3	1	26	16	8	16	8	10	20	15
A[T>C]A	12	6	0	46	26	14	19	34	19	33	27
A[T>C]C	1	1	0	13	16	5	9	7	11	12	13
A[T>C]G	8	5	0	37	32	6	15	18	27	22	16
A[T>C]T	15	7	0	65	32	16	24	20	26	29	34
A[T>G]A	1	1	0	5	5	2	2	2	3	7	11
A[T>G]C	1	0	0	3	0	5	0	0	0	1	4
A[T>G]G	3	3	1	5	8	7	4	4	5	1	11
A[T>G]T	5	1	0	7	5	3	4	3	6	5	5
C[C>A]A	9	2	0	32	28	6	37	19	14	26	67
C[C>A]C	6	4	1	21	10	1	10	15	10	6	43
C[C>A]G	1	0	0	2	4	0	2	2	2	6	4
C[C>A]T	4	4	0	24	16	1	29	19	10	17	161
C[C>G]A	3	0	0	13	13	0	7	4	4	4	15
C[C>G]C	1	2	0	7	10	2	1	7	2	4	11
C[C>G]G	2	0	0	3	1	0	1	1	1	6	1
C[C>G]T	2	0	0	10	5	1	8	5	5	12	21
C[C>T]A	16	12	0	43	23	15	30	26	20	26	90
C[C>T]C	19	7	0	35	35	17	21	19	24	29	503
C[C>T]G	31	11	0	107	62	24	75	31	51	62	55
C[C>T]T	18	13	2	64	36	11	35	39	43	64	473
C[T>A]A	1	1	0	5	3	3	8	5	3	3	88
C[T>A]C	2	1	0	6	5	2	6	6	6	1	73
C[T>A]G	2	0	0	10	5	9	5	5	4	2	86
C[T>A]T	2	1	0	10	8	4	1	5	5	6	114
C[T>C]A	6	0	0	14	15	14	11	7	15	14	29
C[T>C]C	4	6	2	21	13	12	9	10	19	22	31
C[T>C]G	6	4	0	20	9	4	13	10	12	10	40
C[T>C]T	4	6	0	17	12	11	13	8	14	11	83
C[T>G]A	1	2	0	1	1	0	3	1	3	1	6
C[T>G]C	1	0	0	3	2	1	0	1	4	6	11
C[T>G]G	4	0	0	6	2	0	4	4	4	6	14
C[T>G]T	1	2	0	11	8	1	8	1	5	6	16
G[C>A]A	8	3	1	55	57	8	47	24	25	38	43
G[C>A]C	10	5	0	13	12	3	15	6	8	8	93
G[C>A]G	6	0	0	1	0	2	6	1	3	1	2
G[C>A]T	4	1	0	42	24	3	32	5	20	29	24
G[C>G]A	1	1	0	7	8	3	4	7	7	4	11
G[C>G]C	3	2	0	7	2	2	1	3	3	3	31
G[C>G]G	1	0	0	2	3	0	0	0	1	0	0
G[C>G]T	1	0	0	8	2	0	4	3	4	8	20
G[C>T]A	15	8	0	31	22	9	22	16	19	25	33
G[C>T]C	7	8	1	28	26	11	23	15	25	19	40
G[C>T]G	37	21	0	100	67	20	54	37	47	63	47
G[C>T]T	21	15	0	52	37	6	36	31	31	30	45
G[T>A]A	1	0	0	8	5	4	3	1	0	1	9
G[T>A]C	1	0	0	4	4	7	3	0	4	4	13
G[T>A]G	3	1	0	4	5	2	2	7	2	4	5
G[T>A]T	1	2	0	12	5	2	3	4	6	5	8
G[T>C]A	5	3	0	13	13	1	12	7	12	14	7
G[T>C]C	2	0	0	12	3	3	6	6	12	6	27
G[T>C]G	3	0	0	13	9	7	10	12	6	13	7
G[T>C]T	10	2	0	14	19	8	11	11	19	22	12
G[T>G]A	0	0	0	3	2	0	3	2	1	2	5
G[T>G]C	3	1	1	2	3	2	0	3	2	2	10
G[T>G]G	4	4	6	11	8	4	2	4	4	9	14
G[T>G]T	2	2	0	4	4	2	3	0	2	5	4
T[C>A]A	8	6	0	30	19	5	28	10	16	31	23
T[C>A]C	5	4	0	23	9	4	19	4	9	14	28
T[C>A]G	0	0	0	7	4	2	6	2	3	5	1
T[C>A]T	10	5	0	57	33	7	40	17	20	45	53
T[C>G]A	2	1	1	15	7	2	2	3	8	4	8
T[C>G]C	2	2	0	3	5	2	3	1	4	6	8
T[C>G]G	1	0	0	3	2	2	2	1	0	0	0
T[C>G]T	8	6	1	18	6	2	8	9	7	5	40
T[C>T]A	9	6	0	32	25	6	16	17	19	27	15
T[C>T]C	14	5	0	40	30	9	20	18	17	33	56
T[C>T]G	30	15	0	79	53	7	56	17	36	52	17
T[C>T]T	15	5	0	45	38	10	29	25	28	35	53
T[T>A]A	2	2	0	15	7	5	13	9	3	12	21
T[T>A]C	0	3	0	8	4	7	5	5	5	7	2
T[T>A]G	0	3	1	3	9	4	4	0	2	5	14
T[T>A]T	3	3	0	15	17	1	8	6	14	12	12
T[T>C]A	7	1	0	24	20	9	18	8	17	8	10
T[T>C]C	10	2	0	16	23	6	13	5	14	11	11
T[T>C]G	5	1	0	17	14	2	18	8	4	9	12
T[T>C]T	10	4	0	23	14	5	16	8	25	20	19
T[T>G]A	4	6	1	5	5	2	7	1	1	3	7
T[T>G]C	1	1	0	4	3	3	3	0	2	3	7
T[T>G]G	1	2	0	3	5	3	4	1	2	2	10
T[T>G]T	4	1	1	12	8	3	7	8	13	9	17
