Mutation Types	MELA-AU_SP124264	MELA-AU_SP124271	MELA-AU_SP124273	MELA-AU_SP124278	MELA-AU_SP124281	MELA-AU_SP124286	MELA-AU_SP124291	MELA-AU_SP124295	MELA-AU_SP124298	MELA-AU_SP124305	MELA-AU_SP124307	MELA-AU_SP124311	MELA-AU_SP124319	MELA-AU_SP124323	MELA-AU_SP124326	MELA-AU_SP124329	MELA-AU_SP124333	MELA-AU_SP124334	MELA-AU_SP124336	MELA-AU_SP124339	MELA-AU_SP124341	MELA-AU_SP124344	MELA-AU_SP124346	MELA-AU_SP124348	MELA-AU_SP124351	MELA-AU_SP124353	MELA-AU_SP124355	MELA-AU_SP124357	MELA-AU_SP124359	MELA-AU_SP124362	MELA-AU_SP124364	MELA-AU_SP124365	MELA-AU_SP124367	MELA-AU_SP124369	MELA-AU_SP124376	MELA-AU_SP124377	MELA-AU_SP124380	MELA-AU_SP124382	MELA-AU_SP124384	MELA-AU_SP124386	MELA-AU_SP124389	MELA-AU_SP124391	MELA-AU_SP124394	MELA-AU_SP124396	MELA-AU_SP124399	MELA-AU_SP124401	MELA-AU_SP124403	MELA-AU_SP124406	MELA-AU_SP124409	MELA-AU_SP124412	MELA-AU_SP124415	MELA-AU_SP124418	MELA-AU_SP124420	MELA-AU_SP124423	MELA-AU_SP124425	MELA-AU_SP124428	MELA-AU_SP124431	MELA-AU_SP124434	MELA-AU_SP124436	MELA-AU_SP124439	MELA-AU_SP124441	MELA-AU_SP124444	MELA-AU_SP124447	MELA-AU_SP124449	MELA-AU_SP124452	MELA-AU_SP124454	MELA-AU_SP124456	MELA-AU_SP124458	MELA-AU_SP124460	MELA-AU_SP124462	SKCM-US_SP103866	SKCM-US_SP103894	SKCM-US_SP104056	SKCM-US_SP104330	SKCM-US_SP104530	SKCM-US_SP113197	SKCM-US_SP82399	SKCM-US_SP82417	SKCM-US_SP82429	SKCM-US_SP82431	SKCM-US_SP82433	SKCM-US_SP82435	SKCM-US_SP82445	SKCM-US_SP82451	SKCM-US_SP82459	SKCM-US_SP82461	SKCM-US_SP82471	SKCM-US_SP82532	SKCM-US_SP82614	SKCM-US_SP82636	SKCM-US_SP82644	SKCM-US_SP82756	SKCM-US_SP82780	SKCM-US_SP82796	SKCM-US_SP82836	SKCM-US_SP82900	SKCM-US_SP82988	SKCM-US_SP83019	SKCM-US_SP83027	SKCM-US_SP83083	SKCM-US_SP83099	SKCM-US_SP83146	SKCM-US_SP83242	SKCM-US_SP83312	SKCM-US_SP83382	SKCM-US_SP83482	SKCM-US_SP83844
A[C>A]A	286	327	118	79	29	23	75	147	668	117	159	180	202	64	126	63	107	214	142	34	157	69	316	80	50	51	52	105	100	216	239	193	214	180	59	81	214	986	248	130	90	113	103	117	209	723	26	151	241	147	873	196	93	50	209	339	205	139	852	277	236	42	531	181	114	117	62	229	170	149	118	199	547	17	369	48	181	185	116	512	78	33	813	177	132	123	100	536	98	86	239	53	49	97	92	329	81	115	55	113	53	287	306	95	95	164	81
A[C>A]C	240	219	83	48	38	15	45	112	233	79	101	104	92	41	91	45	67	107	111	20	87	55	120	47	40	26	40	66	66	127	209	141	150	78	47	59	99	442	170	91	37	93	57	68	137	422	24	68	170	93	459	120	62	23	91	220	105	95	408	161	137	44	308	106	60	77	49	140	99	100	87	173	331	12	266	40	108	147	81	275	61	37	449	110	70	86	67	192	54	65	131	26	53	74	53	177	69	81	56	62	44	221	97	48	59	104	50
A[C>A]G	28	32	7	7	5	4	10	15	54	11	24	18	14	6	18	8	15	28	12	4	17	10	19	5	2	6	5	7	5	23	26	30	26	17	10	4	15	82	23	14	8	12	10	10	19	70	6	17	20	14	50	18	11	5	22	36	18	14	66	25	22	2	44	14	8	8	6	21	17	26	16	22	70	0	42	5	29	14	17	46	13	7	62	20	16	7	14	31	5	12	28	6	11	6	5	27	12	12	7	14	5	38	24	10	9	11	8
A[C>A]T	219	221	59	46	39	13	41	114	286	74	120	120	122	38	77	48	63	115	100	13	122	40	134	43	18	32	38	55	58	132	155	159	204	121	39	64	141	482	253	104	54	70	52	76	144	489	20	109	180	104	505	133	61	37	112	247	87	111	411	231	157	28	475	99	80	64	46	160	132	121	73	159	416	9	280	38	103	151	84	338	71	26	505	116	82	85	44	178	63	56	153	27	39	81	55	229	54	84	48	76	36	240	138	91	69	89	64
A[C>G]A	163	235	104	67	34	12	47	133	181	35	69	99	71	42	63	34	41	89	80	17	273	86	152	43	13	38	47	72	76	72	140	85	113	70	50	52	106	408	205	89	36	130	64	79	88	298	20	81	120	95	247	57	49	17	137	129	59	60	787	74	101	21	233	82	59	64	62	116	96	58	74	162	254	11	256	56	85	72	61	217	50	28	235	94	68	86	186	188	47	43	116	18	40	69	35	111	52	64	42	54	22	136	60	45	63	60	56
A[C>G]C	138	138	62	38	22	6	37	73	132	39	52	75	35	39	69	33	27	42	75	11	172	55	69	30	15	21	28	40	48	50	84	59	57	51	43	55	49	247	99	57	26	79	31	44	51	215	9	58	90	47	208	33	36	9	61	78	37	50	475	72	50	18	194	54	46	44	43	86	66	47	53	124	165	9	190	61	60	55	37	177	39	20	159	66	55	60	76	132	36	44	74	18	25	30	31	94	42	45	35	35	16	103	39	46	26	52	36
A[C>G]G	33	27	7	12	5	2	13	16	93	19	18	49	18	6	14	14	20	24	7	3	25	24	22	7	1	4	6	15	12	27	36	30	52	21	14	19	32	137	39	32	16	22	32	16	26	124	6	24	40	24	70	40	16	8	39	52	28	19	96	41	14	14	84	32	51	12	16	35	35	32	22	44	114	1	56	13	30	57	19	73	12	4	66	42	28	26	23	71	14	13	56	6	10	9	15	35	24	19	7	32	10	45	18	14	13	17	27
A[C>G]T	193	158	67	35	21	8	65	121	233	53	75	169	84	50	113	45	40	99	82	19	264	123	92	49	19	23	33	71	68	92	118	111	130	91	53	70	133	441	189	89	45	84	60	73	104	501	27	106	152	85	612	98	52	19	125	136	54	82	638	153	100	29	389	109	61	70	85	132	102	81	85	208	265	5	234	76	110	92	53	368	58	29	350	109	84	111	85	222	62	67	145	22	41	75	53	178	90	78	42	64	36	164	83	65	53	67	84
A[C>T]A	272	297	88	85	59	36	113	220	609	147	196	263	203	71	196	87	140	268	149	38	211	106	159	149	53	60	90	184	175	267	231	245	255	251	134	133	223	832	2035	211	103	112	160	191	320	797	39	156	318	203	566	188	140	43	284	414	178	161	1068	287	223	67	680	173	170	190	110	320	232	227	162	332	771	30	402	96	227	290	145	556	115	66	558	283	175	172	106	397	135	129	356	53	119	124	116	313	108	176	85	171	73	419	184	145	150	185	132
A[C>T]C	117	206	64	58	46	29	70	146	7439	972	2727	2568	3535	30	977	1025	851	1656	64	22	126	60	416	80	125	34	51	87	105	4309	2281	1323	3501	2797	1356	1537	3124	10159	3398	2352	1423	66	2175	985	2790	11449	187	1657	4264	1431	14196	1736	1459	628	1663	5935	2305	2013	5349	7117	126	433	9308	2686	2244	1172	969	3692	3129	2452	1913	3325	5984	56	1806	57	2810	4763	649	6752	789	127	12299	1160	1502	1953	46	4578	1192	68	4552	213	616	1125	1174	5214	1654	2075	75	1746	466	6608	1286	1404	1439	1323	1318
A[C>T]G	250	330	144	148	87	66	124	245	288	135	146	130	113	149	169	86	133	173	169	70	180	167	223	144	116	128	161	230	318	176	200	236	121	203	125	93	178	419	2006	257	83	179	90	168	157	461	62	143	254	159	260	120	167	58	272	257	107	195	287	133	296	71	384	171	189	200	187	171	130	173	170	224	350	84	219	191	117	193	104	239	186	106	292	257	139	161	177	288	137	211	211	88	95	138	122	162	110	146	219	203	163	240	135	143	117	177	109
A[C>T]T	200	350	68	70	37	33	79	187	2848	503	1207	1132	1718	49	509	452	456	843	97	49	144	77	262	111	53	48	69	140	155	1980	962	853	1292	1380	606	718	1414	3523	2064	975	542	76	784	494	1285	4375	113	671	1965	699	7924	1120	699	274	902	2513	971	943	2639	2920	160	144	4466	1128	938	492	377	1611	1190	1168	680	1605	2712	36	673	64	1029	2377	328	3508	337	79	5609	581	600	889	48	2301	531	106	2210	114	357	378	331	2698	842	937	64	800	233	2868	694	633	665	531	588
A[T>A]A	124	187	78	36	30	17	41	98	1254	224	497	676	572	27	161	188	216	368	106	31	147	55	126	26	26	28	34	44	51	754	454	298	598	461	124	273	602	2263	739	347	208	62	300	196	572	1993	51	291	876	263	4672	548	225	80	457	894	330	325	1754	1245	81	86	1758	439	319	212	134	558	522	397	358	627	1672	13	340	31	427	654	180	1387	122	31	2013	246	298	298	110	850	226	67	783	90	148	194	166	874	206	379	56	337	90	891	402	254	209	226	181
A[T>A]C	79	128	50	34	14	12	25	77	375	76	160	201	208	31	79	74	91	136	43	22	64	31	64	31	24	20	28	40	36	201	180	135	189	154	56	84	180	576	287	112	60	49	93	72	178	565	15	95	269	102	1214	159	87	35	150	279	99	112	569	345	77	34	541	171	119	88	47	163	155	117	109	207	471	11	194	29	152	198	56	469	47	22	670	107	95	88	50	243	54	35	238	30	60	68	84	329	99	135	44	121	41	283	87	78	89	79	75
A[T>A]G	109	115	49	26	18	19	34	64	552	94	191	315	251	34	105	79	113	206	43	20	87	41	80	26	32	19	34	33	47	257	192	160	222	220	63	110	239	782	252	140	72	38	121	106	224	719	26	104	284	116	1075	231	97	27	160	336	130	132	642	401	70	38	539	170	176	91	61	201	177	139	130	180	574	13	185	25	171	265	84	367	81	21	617	120	154	132	50	468	78	41	315	44	57	75	94	400	92	144	30	112	64	280	135	107	97	111	83
A[T>A]T	159	237	75	71	29	19	63	137	3063	431	1133	1675	1827	41	355	545	452	1005	89	26	156	65	208	42	44	28	46	82	94	1648	1240	762	1341	1220	368	688	1402	5387	2094	781	466	67	863	460	1796	4440	109	607	2088	637	7183	1370	452	193	955	2534	790	781	4119	3432	117	165	4406	1033	891	456	314	1513	1621	1091	1068	1347	4798	29	659	36	1018	1743	390	4726	266	45	5924	602	677	719	95	2260	511	81	1899	289	312	423	269	2159	592	947	75	891	240	2438	610	668	586	486	484
A[T>C]A	240	240	101	83	46	24	98	194	834	187	240	465	249	68	155	121	174	332	136	60	341	123	140	70	44	68	54	109	160	384	297	292	401	346	119	199	330	966	837	285	126	82	229	149	291	912	60	154	443	231	825	315	213	64	318	498	221	177	1034	445	205	79	906	291	254	167	116	338	253	260	245	388	926	44	342	92	264	399	142	567	151	77	620	263	297	239	166	646	180	149	468	50	155	109	194	520	199	230	114	185	104	426	198	157	141	136	156
A[T>C]C	100	100	39	35	17	7	38	99	273	47	88	176	93	37	62	52	53	107	63	15	148	40	54	19	16	24	28	50	70	126	100	117	131	99	48	66	118	330	282	89	37	41	89	42	123	325	14	72	180	91	337	107	61	33	108	144	91	61	377	178	68	27	282	114	93	61	42	128	91	102	71	198	317	6	166	37	88	141	43	212	51	25	247	110	112	90	72	173	43	62	173	20	46	60	77	174	81	62	57	62	38	158	71	68	39	61	59
A[T>C]G	128	117	55	50	26	21	47	141	546	86	143	320	159	32	115	72	111	165	85	30	171	64	117	36	21	34	35	70	106	242	192	187	224	189	72	135	238	711	708	176	84	55	166	97	212	633	46	118	289	165	534	182	120	45	166	333	155	128	701	294	99	39	534	211	154	102	84	223	190	165	161	237	683	19	198	47	190	293	107	474	89	39	428	145	145	168	66	404	90	74	308	33	75	97	92	311	104	140	64	120	45	308	135	110	77	102	93
A[T>C]T	234	236	103	77	44	23	74	240	1120	204	364	776	501	55	187	241	219	426	150	41	252	126	177	68	52	45	65	103	125	551	380	391	509	520	198	255	457	1577	757	361	157	88	370	147	528	1448	67	254	682	314	1329	536	241	102	454	676	334	218	1535	701	174	69	1292	454	407	193	177	493	386	395	327	578	1743	33	400	81	426	590	179	1192	216	52	981	277	295	317	139	855	258	128	669	81	171	151	207	706	254	301	106	283	115	659	265	220	154	200	237
A[T>G]A	64	70	38	18	12	1	27	58	358	62	143	255	185	14	70	61	54	158	107	13	134	48	59	21	12	4	18	40	37	181	166	114	188	159	39	84	214	626	189	123	59	37	83	69	197	494	21	87	296	105	1267	170	77	35	146	267	112	95	587	390	44	28	604	194	124	61	156	156	177	131	143	323	547	6	150	31	161	191	58	643	67	17	703	90	103	96	72	287	61	37	218	47	59	77	64	275	108	112	39	109	30	251	108	79	44	76	77
A[T>G]C	23	27	21	7	3	1	10	74	229	24	70	171	116	7	34	41	33	67	33	8	34	10	25	8	6	6	6	18	14	128	71	62	174	96	37	46	144	420	99	83	55	11	81	32	93	361	15	58	137	45	368	76	43	32	75	135	74	60	275	308	22	15	414	161	74	44	38	119	126	80	66	165	193	1	94	8	110	121	28	389	49	16	462	73	59	67	36	188	51	14	125	21	20	54	73	176	70	79	12	79	14	217	54	51	38	49	67
A[T>G]G	71	133	63	43	12	10	31	66	713	97	123	405	250	36	95	83	124	245	132	43	77	52	306	38	126	13	22	72	37	255	132	159	281	335	66	83	524	611	182	165	52	62	164	60	199	576	47	107	250	110	569	318	254	67	161	258	132	94	596	411	49	32	450	427	138	93	91	169	162	148	232	171	357	11	136	24	213	271	66	423	162	42	398	78	240	148	16	710	83	41	250	34	103	71	185	427	172	117	109	77	35	191	164	81	55	149	101
A[T>G]T	47	88	27	25	7	6	27	519	463	73	108	316	183	26	56	65	74	181	47	17	95	42	52	22	11	17	18	35	54	172	126	150	661	192	49	111	253	668	297	98	58	35	101	73	230	616	19	164	269	126	828	159	80	30	185	243	118	80	664	338	62	47	715	132	116	84	67	201	270	191	133	279	566	8	139	31	184	181	74	734	52	20	647	86	129	118	36	323	101	57	222	36	50	75	77	325	100	138	24	115	40	303	80	81	66	131	77
C[C>A]A	376	319	147	249	774	97	65	1092	648	225	432	476	246	869	657	123	156	321	559	81	282	85	497	198	118	155	78	121	175	475	447	373	303	265	160	257	339	1232	657	231	203	317	187	816	334	1078	50	1114	400	1904	2051	990	141	167	299	478	696	468	1628	548	422	238	852	457	230	453	93	607	455	294	231	367	712	22	657	106	515	374	998	668	181	208	1160	799	199	309	174	680	238	284	386	175	201	113	195	565	178	315	132	170	399	456	2478	320	154	272	216
C[C>A]C	211	188	81	56	102	20	51	233	362	96	136	176	176	120	142	63	65	128	98	17	152	47	105	52	32	51	42	59	74	150	181	170	189	130	71	109	167	698	658	118	60	78	73	189	141	623	25	251	209	339	898	202	75	45	145	312	213	174	593	338	135	64	638	146	110	102	49	246	151	161	110	212	399	8	302	51	166	154	160	494	72	38	1122	198	76	129	71	303	93	93	208	53	69	79	80	300	90	103	52	112	91	323	393	115	64	128	95
C[C>A]G	41	37	24	38	113	16	7	125	102	36	63	55	42	117	88	20	25	31	66	9	47	13	44	33	8	17	16	22	26	58	45	60	46	28	30	46	37	223	160	39	25	45	25	97	37	186	2	161	57	201	291	96	20	31	37	84	99	57	194	87	58	37	167	63	39	64	12	85	60	61	33	84	135	3	81	15	83	52	123	119	29	23	288	88	30	51	21	84	41	51	50	32	21	29	18	86	30	47	11	37	50	84	338	56	33	40	34
C[C>A]T	272	262	107	171	323	49	85	578	466	104	260	332	270	347	322	96	82	174	240	47	257	52	254	112	51	85	61	94	156	271	277	230	352	145	92	203	292	989	1604	171	135	180	92	405	220	992	28	532	254	882	2181	494	88	71	213	414	463	280	835	903	233	116	1179	269	178	268	67	361	307	215	182	341	559	6	437	80	309	198	429	1073	108	100	3183	357	132	180	97	517	132	173	218	97	92	149	108	569	115	211	86	165	217	589	1214	211	140	242	116
C[C>G]A	108	92	41	28	16	8	47	51	138	21	46	97	51	19	44	15	28	50	30	13	102	57	68	27	18	21	26	41	41	62	66	52	73	48	24	45	68	287	65	56	25	49	39	29	63	243	20	57	73	59	148	56	37	13	63	85	60	43	333	105	59	15	260	60	45	39	45	84	58	46	37	99	186	6	142	51	60	62	39	164	26	17	199	90	42	54	43	169	41	42	98	14	24	35	37	121	25	46	22	47	13	101	56	45	26	66	36
C[C>G]C	95	107	25	21	11	4	28	81	157	24	55	99	75	20	27	23	34	43	53	6	85	44	67	19	6	20	19	40	36	69	63	59	77	70	39	47	84	316	88	62	27	48	41	23	89	318	10	65	102	54	343	40	36	10	59	93	86	56	342	137	54	13	318	55	48	33	43	121	49	68	54	125	195	6	141	40	64	64	41	277	18	10	464	66	56	52	43	289	38	35	79	10	21	54	73	159	32	47	15	48	31	165	41	42	28	121	45
C[C>G]G	20	25	10	9	5	3	12	25	138	12	43	83	45	7	20	20	19	39	13	3	17	8	16	8	4	4	6	10	11	51	34	46	39	41	31	33	43	258	56	38	14	7	40	16	64	197	6	23	87	33	121	24	32	8	36	78	47	28	148	79	13	10	165	37	57	21	19	60	58	51	54	63	204	1	45	11	51	60	19	138	23	10	147	48	33	35	11	79	23	6	102	6	12	21	28	61	17	36	4	33	15	95	15	19	30	35	22
C[C>G]T	158	116	47	27	22	10	62	94	224	33	53	114	107	37	70	27	44	74	43	10	126	56	66	26	21	32	35	67	58	70	109	85	112	82	45	68	97	365	102	82	38	57	50	37	78	522	19	102	104	65	720	87	47	13	90	138	133	73	389	271	86	21	464	67	73	48	69	129	74	60	68	172	218	9	166	56	85	69	67	406	38	15	830	92	71	98	39	438	56	49	94	21	31	47	85	229	45	65	27	56	26	221	88	43	42	197	53
C[C>T]A	165	560	132	91	81	60	140	265	26993	2980	7015	6750	12027	78	3387	2803	2658	5093	146	66	250	89	1347	146	284	68	69	164	155	12279	6060	4299	9215	8808	3463	4182	9983	34505	10543	6928	4695	166	6404	2763	7745	27992	572	4126	12793	4319	46250	5683	4497	2060	5495	18630	6323	5068	16469	20497	220	1123	29554	6984	5741	3110	2577	10197	9183	6788	5437	10007	19529	165	3980	97	7108	15640	1565	23487	2321	315	42762	2901	4198	5571	89	16515	3706	119	13635	694	2131	2695	2430	15811	5373	5983	162	4905	1359	21327	4307	3635	3900	3910	3406
C[C>T]C	159	575	109	98	86	70	132	276	40335	4200	8594	8628	14696	85	4792	3400	3459	6228	190	56	304	86	1855	183	371	43	96	165	179	15773	7726	5288	11745	12410	4265	5549	13721	48765	14137	9371	5933	244	8446	3337	10111	41684	878	5569	14932	5439	54751	6649	5584	2481	7273	22745	9227	6365	21092	26239	250	1336	36373	8790	7823	4030	3951	13740	11407	8774	7349	13800	27136	223	4668	87	9066	18862	2000	31848	2853	450	51506	3698	6087	7335	113	26897	5303	131	17573	1022	2735	3235	3431	19111	5436	7618	140	6365	1712	25728	6328	4785	4970	5984	4226
C[C>T]G	168	226	103	105	53	47	79	188	4207	433	949	1120	1588	79	584	438	465	669	134	65	120	103	301	126	99	75	90	185	203	1679	1065	821	1383	1353	604	814	1295	5669	3203	1046	586	158	916	476	1425	4897	147	808	1808	702	6769	647	705	234	920	2793	1044	933	2231	2619	180	188	4595	861	945	499	550	1785	1381	1114	985	1852	3625	65	728	117	1228	1917	342	3589	355	85	7058	629	644	1048	97	2800	604	107	1932	180	309	489	435	2216	670	984	166	885	303	3596	587	714	768	681	545
C[C>T]T	259	876	122	97	77	58	150	246	28566	3122	7453	7321	13064	65	3907	2930	2609	5289	165	69	241	93	1686	140	278	64	78	154	193	13783	6581	4695	10346	9773	3566	4980	11270	32824	11030	7368	4850	218	6183	3186	7998	33090	644	4807	12780	4615	55594	5934	4595	2287	5801	19800	7905	5888	15465	24821	209	1087	32622	7106	6223	3344	2965	11049	9543	7140	5721	11155	19214	162	3805	102	6836	15794	1754	27775	2232	364	51546	3077	4639	6094	70	22277	4270	132	14458	769	2049	2722	2562	18503	5148	6271	154	5535	1495	24039	5197	3943	4625	4924	3602
C[T>A]A	81	117	30	16	16	9	23	45	341	77	87	159	128	6	68	57	57	121	48	7	70	25	57	16	18	15	20	26	27	141	113	127	148	115	43	72	144	486	160	79	49	40	73	49	126	429	18	82	161	87	545	101	68	30	112	197	111	58	398	240	53	25	471	92	77	44	47	138	105	110	81	139	470	6	159	16	106	112	45	403	42	17	646	90	95	74	32	239	69	33	165	24	46	54	46	253	57	87	21	92	29	259	103	58	55	92	58
C[T>A]C	112	112	27	20	8	8	31	137	292	46	122	194	183	21	57	47	57	110	42	9	70	25	59	24	16	23	24	36	39	153	170	124	246	131	47	81	172	687	202	124	66	50	70	57	133	611	15	91	191	76	985	127	39	16	125	319	107	151	432	400	72	28	934	117	80	67	76	210	197	122	103	239	467	7	188	21	164	103	46	1027	34	12	1248	109	64	103	35	284	90	49	206	36	44	87	27	351	81	117	24	111	35	436	90	87	81	137	78
C[T>A]G	99	119	31	25	17	9	27	71	389	71	77	126	119	25	74	35	63	123	48	23	76	30	79	20	17	25	27	37	33	105	94	130	166	94	30	61	129	381	150	89	47	44	49	43	109	399	12	79	116	58	355	117	51	13	80	155	86	60	310	155	57	12	365	81	60	56	34	102	96	88	91	115	324	11	149	22	103	84	58	306	37	18	498	70	71	75	36	234	59	36	134	30	35	46	46	232	47	71	31	47	29	198	94	43	47	61	53
C[T>A]T	202	183	38	40	16	9	44	267	714	92	249	452	446	19	107	127	123	202	72	26	99	61	76	21	21	33	27	46	37	346	319	232	673	196	74	167	399	1398	325	175	123	63	117	100	397	1064	28	290	425	139	3242	327	104	36	288	535	233	237	833	1076	125	39	1764	172	162	94	98	410	382	257	259	401	1352	9	276	26	224	178	83	2530	79	29	3162	138	117	173	43	590	176	52	398	98	67	118	52	833	145	204	34	228	55	787	205	192	114	205	148
C[T>C]A	97	123	47	48	24	4	46	108	623	147	231	315	253	22	104	94	136	193	78	14	145	53	98	32	17	18	30	54	80	276	232	205	298	238	105	142	301	935	671	193	123	47	172	134	298	720	27	144	377	142	1054	209	124	41	179	442	176	143	871	430	82	44	909	205	130	102	71	266	302	239	182	401	960	18	203	55	232	302	101	895	81	25	1037	159	178	195	73	395	117	81	371	38	113	101	80	371	119	220	45	179	74	473	138	130	126	143	133
C[T>C]C	175	153	60	37	15	11	66	344	391	66	112	163	144	35	114	62	67	113	66	16	139	67	101	29	23	30	39	61	62	138	122	153	439	138	66	104	212	601	356	115	50	57	114	92	152	410	17	142	205	85	589	120	104	26	140	206	121	97	481	221	82	41	478	133	97	86	62	167	196	160	113	298	526	7	227	59	133	181	71	445	64	36	873	126	108	109	77	253	59	95	177	22	55	91	74	246	75	124	53	130	59	317	73	90	86	129	78
C[T>C]G	93	125	41	43	16	8	35	235	381	86	118	159	128	33	64	36	77	114	50	20	99	51	112	28	18	20	34	63	70	147	125	146	261	161	47	63	133	466	743	91	62	56	82	56	181	423	19	103	185	93	428	110	74	22	109	227	108	62	586	196	57	42	433	123	75	72	49	137	172	119	107	243	510	19	157	39	124	150	61	409	50	28	640	99	85	62	49	206	61	64	169	18	45	67	55	183	69	110	43	81	51	310	103	65	62	89	76
C[T>C]T	145	186	65	47	20	16	71	600	2148	282	767	987	1157	35	283	435	287	635	104	43	173	63	172	35	46	34	32	84	78	1055	884	572	1818	792	266	502	1043	3974	1379	584	405	65	536	332	1098	2795	64	621	1212	434	4203	780	334	141	670	1704	558	535	2738	2188	101	139	3299	763	447	299	205	1164	1373	691	610	1181	4060	16	411	62	769	1171	277	3935	203	67	5049	394	455	519	73	1424	408	149	1340	134	241	373	191	1476	522	716	63	725	180	1913	536	483	392	412	412
C[T>G]A	41	42	23	13	4	3	29	56	134	14	44	102	60	10	35	17	23	59	36	8	46	29	37	13	9	8	9	40	35	66	41	54	88	43	18	34	88	216	74	52	20	19	40	26	61	188	12	44	65	37	252	52	31	11	50	63	55	30	191	114	25	11	341	64	50	29	30	64	64	53	37	116	153	2	71	12	56	65	24	233	21	5	217	31	33	61	21	116	46	21	86	13	25	29	29	128	48	37	18	46	13	123	33	34	26	54	31
C[T>G]C	42	39	19	13	3	4	21	270	184	27	47	137	98	11	35	26	26	61	17	12	42	21	25	11	7	12	17	15	15	72	71	70	254	68	30	101	136	432	143	67	28	20	49	30	55	330	14	123	103	49	616	65	24	18	103	110	101	76	220	288	35	18	574	75	85	31	45	129	122	86	57	237	205	1	75	8	91	81	31	632	27	10	682	50	50	68	17	279	49	29	99	18	14	50	62	273	42	43	9	63	15	220	55	57	52	132	61
C[T>G]G	59	114	36	45	12	9	33	170	715	58	56	282	180	22	70	32	71	149	54	29	94	61	144	10	52	17	17	74	45	143	103	132	240	196	35	60	464	400	179	96	41	64	84	30	115	649	19	93	127	81	709	218	89	29	143	157	110	64	448	367	44	29	463	149	99	55	84	126	131	77	177	190	277	8	115	22	154	113	47	456	89	23	489	65	171	88	26	704	95	46	146	29	45	49	109	458	92	62	33	57	30	193	146	56	25	236	56
C[T>G]T	101	146	36	35	17	8	72	2902	473	73	113	322	208	21	90	56	65	323	57	16	173	62	51	30	16	18	40	51	61	169	135	199	3158	129	42	127	429	787	306	131	73	60	111	59	164	788	26	800	219	125	1773	154	66	46	278	219	192	110	459	712	90	101	1035	113	118	124	84	241	660	157	216	374	506	9	165	26	224	131	101	1812	57	83	1534	89	115	182	34	764	125	190	266	38	33	81	128	749	87	161	52	107	50	461	139	135	64	317	116
G[C>A]A	172	165	65	52	43	29	57	140	286	74	54	101	75	81	96	22	51	90	153	20	155	39	181	76	37	36	41	53	59	88	216	104	106	74	46	41	98	400	135	62	44	64	25	88	76	270	21	74	87	106	404	109	36	23	100	135	104	104	481	133	345	27	205	95	74	61	21	117	78	70	37	112	178	13	237	30	63	94	79	182	56	25	331	147	69	59	42	299	50	48	100	27	35	47	38	119	41	54	38	65	40	131	154	46	33	90	41
G[C>A]C	128	117	45	31	35	18	32	82	106	43	50	47	60	15	67	19	34	66	63	18	90	24	74	29	12	17	31	33	48	47	96	71	67	50	28	39	46	189	113	41	18	56	33	48	48	209	8	45	73	54	213	40	34	16	52	78	42	50	281	86	97	24	153	48	53	57	18	75	55	44	42	84	130	6	169	19	45	32	43	112	25	16	210	59	41	42	58	99	28	43	69	20	14	37	38	90	37	34	36	49	20	90	53	27	27	53	23
G[C>A]G	22	26	6	7	7	2	6	9	27	9	8	11	8	10	11	6	11	14	11	1	21	7	13	8	5	8	6	9	10	14	16	21	11	6	3	6	10	27	24	5	5	7	6	3	11	31	2	6	11	13	17	3	6	0	8	19	8	8	62	7	25	14	23	7	8	10	3	9	8	2	6	8	39	2	28	6	10	11	9	20	8	2	27	15	7	7	8	29	3	9	9	1	6	4	9	14	11	8	6	8	5	13	11	9	7	5	4
G[C>A]T	179	126	57	31	41	23	53	111	119	35	49	41	34	56	55	18	37	76	101	18	144	32	87	57	22	23	16	67	50	47	136	85	65	44	46	34	43	146	196	42	16	55	21	77	61	188	9	57	63	67	213	65	19	10	55	74	61	47	252	63	202	17	153	59	37	35	28	62	42	32	29	61	94	3	199	35	46	42	56	119	41	22	162	105	36	34	38	94	26	40	62	23	20	39	22	89	32	33	35	42	21	91	76	30	40	32	24
G[C>G]A	93	96	36	15	19	5	24	54	77	21	16	28	19	23	31	10	17	36	29	12	108	35	61	19	8	21	25	26	31	30	50	29	39	29	21	18	36	114	66	37	10	55	18	20	30	107	7	24	38	25	71	29	15	4	34	52	22	22	281	35	40	18	92	30	30	32	18	30	19	29	28	48	67	5	91	21	21	30	25	79	19	14	72	41	30	27	94	74	20	35	50	4	17	28	20	42	19	19	24	18	8	52	21	8	9	22	12
G[C>G]C	98	87	46	17	12	9	18	73	83	27	42	56	31	19	74	20	22	40	38	7	121	71	51	19	9	13	31	31	36	43	47	41	65	59	34	36	59	163	107	45	20	43	28	29	36	354	9	60	87	34	222	31	20	11	55	68	44	37	268	106	33	7	184	46	42	40	47	45	57	38	59	103	115	3	118	40	45	38	31	185	23	10	201	43	39	57	54	170	17	31	62	14	19	30	47	88	42	35	32	42	12	90	29	25	34	58	32
G[C>G]G	12	19	5	3	6	1	6	5	47	8	20	31	16	9	7	9	13	16	10	1	26	13	16	5	4	3	6	4	5	31	22	8	27	10	6	14	20	86	26	15	6	6	21	9	18	71	1	14	19	11	39	15	5	4	18	36	24	11	85	31	6	5	72	17	33	6	9	19	23	22	21	31	67	2	24	3	20	34	13	60	5	2	44	12	17	15	12	50	11	4	33	2	6	7	14	25	14	12	5	24	5	29	11	12	7	13	12
G[C>G]T	125	89	45	21	15	2	29	73	136	27	39	80	59	25	53	23	23	55	43	5	108	39	49	19	17	33	18	48	44	40	78	52	82	49	20	37	91	264	98	60	17	50	44	18	52	344	7	44	92	39	338	52	30	14	92	88	43	36	359	124	53	9	226	58	50	35	46	82	74	45	50	103	181	4	127	34	49	47	30	202	37	12	254	62	49	59	55	159	26	28	97	15	15	39	40	136	38	37	20	44	17	122	42	40	28	42	39
G[C>T]A	143	233	85	43	62	18	84	174	371	85	107	148	112	60	93	67	92	144	95	38	143	66	139	84	47	45	50	120	86	171	136	140	141	131	69	86	117	505	2058	135	66	103	104	122	170	431	45	95	191	119	277	126	68	43	171	225	109	97	800	175	191	49	377	123	97	117	84	183	137	131	117	168	423	23	282	73	102	189	93	315	80	43	267	204	139	119	116	278	77	115	208	41	60	88	88	168	78	103	71	82	49	248	120	97	76	99	83
G[C>T]C	131	207	91	47	53	28	65	148	5042	636	1807	1637	2151	45	684	591	548	976	76	28	142	66	339	70	106	40	47	95	104	2836	1561	906	2279	1845	913	1086	2053	6435	3190	1563	901	95	1419	640	1718	7629	159	1160	2790	932	9769	1124	958	467	1149	3668	1638	1448	3534	4463	142	282	5973	2005	1582	787	703	2415	1945	1537	1269	2229	3602	57	1301	67	1906	3052	421	4479	614	109	7638	886	1011	1378	74	3391	814	80	2950	145	447	676	777	3590	1117	1439	80	1205	338	4461	898	907	1085	918	947
G[C>T]G	212	243	125	169	94	63	96	235	207	105	115	114	86	110	167	46	104	104	154	51	162	138	170	149	71	118	126	205	221	159	197	145	105	153	100	65	152	258	2205	203	66	134	97	136	112	310	55	112	191	108	210	69	145	31	162	186	103	155	241	101	262	61	262	161	128	164	129	119	115	145	140	194	263	55	196	142	92	187	81	214	160	93	208	192	117	126	177	211	90	174	139	68	76	108	119	139	154	117	221	161	90	132	107	99	95	207	75
G[C>T]T	173	310	83	54	53	32	84	165	3524	588	1707	1320	2947	42	842	670	600	1142	101	33	150	59	337	84	83	37	42	105	148	3038	1507	1026	1815	1871	872	714	2112	4517	3044	1562	953	97	1172	719	1750	5376	122	990	3279	956	13489	1487	890	449	1150	4225	1120	1413	3675	4351	137	245	5857	1907	1141	700	521	1987	2185	1464	1124	1990	3451	58	850	65	1425	3854	364	4681	577	106	10678	741	979	1159	69	2605	656	91	3353	183	434	653	479	4654	1511	1513	90	1064	293	5531	877	823	899	887	756
G[T>A]A	68	78	23	15	8	7	8	38	300	60	120	144	115	10	53	41	79	109	25	11	49	12	38	3	10	9	7	14	20	137	103	108	138	125	39	73	116	330	169	86	51	32	72	52	145	392	18	67	185	62	1043	119	50	16	95	165	80	70	348	211	51	23	368	104	66	51	28	128	105	109	77	112	319	6	100	12	102	133	47	262	39	20	484	71	92	87	27	184	50	19	189	19	45	48	50	209	65	80	17	85	30	206	89	62	65	77	62
G[T>A]C	39	65	28	12	6	5	20	40	136	36	56	81	66	8	34	28	31	51	36	7	34	15	19	15	8	10	15	23	12	85	64	63	78	58	35	43	71	218	136	48	29	22	29	27	72	233	9	41	114	60	399	58	22	9	53	117	48	69	171	123	38	14	233	64	31	42	25	66	72	48	56	84	164	2	98	9	81	63	21	230	28	14	297	39	44	47	24	79	32	17	82	16	33	41	20	117	31	38	17	37	20	123	37	27	38	37	29
G[T>A]G	66	66	27	19	12	6	16	57	348	89	103	155	130	13	53	48	84	133	20	10	61	16	46	13	17	22	20	16	20	136	88	145	138	154	35	64	123	341	198	86	56	25	82	38	155	414	12	64	188	68	590	136	89	29	114	173	74	65	457	160	30	21	312	106	76	70	29	112	112	121	84	117	295	6	110	20	145	152	42	188	58	27	261	73	109	64	16	189	49	22	197	16	44	58	64	179	69	81	16	75	24	181	67	53	64	57	37
G[T>A]T	111	115	33	23	9	12	16	95	442	73	161	291	261	16	67	83	94	159	36	8	54	24	58	21	22	13	26	22	19	266	199	193	247	191	62	116	220	839	332	112	66	49	107	78	344	732	24	136	335	111	1668	219	82	25	183	356	123	118	712	501	72	40	890	166	161	63	53	286	238	172	186	240	967	6	164	17	232	207	79	1070	59	7	1146	110	106	122	19	260	104	27	295	57	68	70	49	358	112	142	20	145	40	423	105	99	92	93	89
G[T>C]A	128	144	66	46	23	21	44	138	301	64	88	183	111	38	101	59	78	146	104	39	262	68	98	34	33	28	40	71	100	145	126	131	179	129	47	80	114	321	715	114	51	55	98	79	133	328	23	73	202	118	201	110	84	43	118	163	100	52	406	109	118	48	345	107	105	91	66	90	112	108	102	202	369	14	237	45	133	156	65	232	90	34	218	120	142	87	114	204	59	86	156	33	64	68	108	170	113	99	91	73	28	193	85	70	39	102	68
G[T>C]C	101	90	67	28	23	11	39	158	160	35	55	84	61	27	62	27	42	88	70	16	185	44	60	23	16	19	38	51	53	75	81	85	134	78	36	48	79	209	264	86	25	33	63	37	67	198	11	54	132	52	129	62	54	24	101	97	55	35	203	72	61	33	148	100	69	62	49	66	80	65	58	157	201	9	173	58	70	80	43	148	61	23	112	67	79	78	104	103	40	70	102	24	29	52	65	84	106	56	73	38	26	115	64	42	33	109	44
G[T>C]G	84	73	60	38	17	9	37	111	353	49	64	154	98	30	70	30	71	103	57	17	140	41	133	29	27	28	24	51	66	121	85	140	144	117	45	51	104	314	498	99	53	45	83	51	120	301	25	73	160	125	218	74	71	26	78	202	80	52	401	100	84	31	296	115	89	59	61	114	113	118	66	138	384	11	171	49	122	144	36	210	64	22	172	78	99	97	66	165	65	59	166	21	53	67	72	138	68	63	45	59	36	167	84	50	45	78	67
G[T>C]T	133	341	108	75	55	62	92	216	4798	567	1076	2228	1659	52	779	750	815	1058	221	167	222	75	545	48	270	56	44	115	83	1941	1382	1243	1245	1723	526	648	1271	5611	1662	1429	540	99	1360	255	1994	3902	208	526	2143	948	2099	1607	841	295	1023	2680	1350	485	5498	1564	99	154	4675	1819	1036	366	464	2494	1881	1684	1279	1621	10482	43	698	57	1858	3398	502	5425	625	115	2736	799	1067	1109	139	1972	1004	102	3040	189	644	357	552	1573	843	835	243	628	241	2323	647	587	410	395	776
G[T>G]A	28	38	10	12	3	2	14	32	128	23	32	77	46	9	26	21	17	48	26	6	35	17	27	5	8	2	9	21	13	65	34	30	61	53	20	32	84	157	64	51	23	19	32	21	47	122	7	33	70	31	267	63	31	15	39	77	42	22	157	112	19	9	232	57	35	21	22	59	47	34	53	93	110	3	57	12	53	50	23	146	24	12	186	37	39	32	12	104	28	14	57	5	28	30	50	75	28	27	19	25	14	80	32	28	16	36	21
G[T>G]C	21	21	9	13	4	2	9	81	96	22	29	67	58	2	25	19	21	26	14	1	31	19	18	4	7	3	6	9	11	66	34	23	89	50	23	38	77	208	70	39	20	7	35	11	47	165	7	49	70	25	230	32	23	18	55	61	30	30	114	137	6	10	199	59	32	17	27	63	55	30	39	81	98	2	57	7	62	51	17	190	31	8	224	32	20	47	21	110	21	14	53	7	15	28	36	98	38	29	6	29	8	92	20	24	22	25	32
G[T>G]G	65	127	43	36	15	24	36	72	1052	114	142	484	275	36	133	94	172	312	112	40	83	67	353	23	141	24	16	65	46	412	138	195	364	550	101	106	688	709	209	268	84	71	262	57	211	674	54	165	358	140	577	402	375	102	166	281	163	138	634	567	32	44	474	745	261	129	130	260	189	172	458	250	355	13	186	31	271	353	76	476	342	43	433	82	299	192	18	1184	142	37	338	28	109	74	364	487	284	149	129	89	44	207	217	107	76	226	96
G[T>G]T	54	88	24	37	5	9	34	736	705	81	236	478	460	16	102	163	96	272	20	20	88	34	56	12	9	6	13	32	32	368	282	179	1101	250	116	192	477	1283	430	214	117	21	217	96	354	1057	19	334	407	173	1286	314	130	53	274	511	202	207	881	904	53	48	1068	315	224	114	92	410	487	233	260	407	924	4	189	46	288	367	110	1417	77	35	1487	148	153	251	12	684	149	64	420	47	72	120	142	639	244	230	36	211	54	615	126	187	123	167	161
T[C>A]A	235	235	137	71	75	34	107	224	662	157	220	333	286	107	160	116	137	253	224	28	211	87	222	117	49	58	61	126	111	271	356	222	299	235	123	170	245	1281	388	185	89	113	143	152	355	920	39	172	327	245	903	271	145	57	260	418	266	161	1123	491	324	73	1083	196	190	127	112	379	258	249	160	398	744	9	416	51	236	280	186	699	99	36	1057	238	152	170	84	483	126	97	343	63	140	100	83	360	112	167	63	194	78	477	264	169	128	151	134
T[C>A]C	198	178	102	50	55	21	69	124	759	171	255	389	385	63	145	134	155	249	153	24	132	43	142	59	56	53	51	65	71	390	369	277	392	365	160	239	354	1443	497	216	122	74	204	173	422	1362	35	216	503	268	1790	296	143	66	259	580	346	251	1323	762	207	60	1499	226	245	121	113	501	385	319	240	522	1119	13	384	39	320	396	174	1161	88	42	2347	252	183	240	93	557	154	56	507	71	101	134	101	657	153	240	58	261	119	711	229	195	175	169	186
T[C>A]G	20	21	8	3	8	2	5	25	57	12	19	23	26	18	14	7	14	17	24	1	28	9	20	17	7	7	5	15	14	19	20	37	30	19	14	15	19	98	39	19	8	11	12	19	28	74	1	17	19	38	67	19	11	3	18	47	26	17	96	25	21	4	100	13	25	17	4	30	23	34	13	34	75	5	44	7	25	28	28	83	4	6	102	31	10	23	16	32	13	10	39	10	7	18	7	34	18	16	10	17	12	53	25	13	14	18	11
T[C>A]T	370	266	172	135	143	43	113	387	543	149	270	280	284	147	198	131	138	256	337	34	322	97	272	164	75	84	69	179	147	293	446	245	326	227	122	199	270	1104	746	186	120	148	142	205	344	1023	30	246	321	283	2022	267	115	71	227	516	355	277	1058	804	446	83	1306	205	189	150	89	361	339	259	232	425	834	12	532	75	268	251	261	1174	80	82	2151	300	145	208	133	433	138	129	362	67	150	135	115	504	159	198	88	222	110	683	296	175	121	223	123
T[C>G]A	291	175	166	68	57	21	164	118	189	37	71	101	71	82	155	48	66	160	75	13	297	172	111	51	78	97	74	120	83	65	107	88	115	84	42	65	97	367	101	98	71	142	49	50	81	321	38	136	108	56	299	90	48	29	128	105	84	54	540	173	228	46	232	81	55	89	162	87	74	54	86	175	203	13	241	148	75	51	122	233	74	45	259	155	72	97	108	317	61	100	113	26	90	43	51	196	57	69	47	53	27	135	90	62	41	69	107
T[C>G]C	209	143	79	48	27	15	83	98	317	66	102	160	117	56	116	69	74	135	64	14	155	108	77	32	52	51	53	65	61	112	127	105	165	138	67	100	150	545	152	109	63	93	65	63	120	712	33	151	173	79	714	88	83	16	130	196	165	84	637	250	136	31	532	84	100	80	84	182	121	114	112	260	366	12	259	88	140	115	78	476	66	35	907	103	102	139	80	484	70	75	183	29	54	62	124	278	54	95	38	93	48	261	87	80	52	205	93
T[C>G]G	20	15	10	4	7	3	11	19	67	17	24	37	30	7	20	18	23	24	9	2	13	18	16	6	0	1	6	17	6	33	17	24	34	18	10	24	22	143	40	24	16	9	25	8	34	117	4	13	28	17	77	20	15	2	33	34	27	27	104	37	20	4	90	23	37	13	11	36	28	30	27	38	88	2	38	4	28	45	14	67	16	5	76	21	22	19	9	55	14	5	49	3	9	17	21	58	17	25	8	29	4	58	9	12	14	10	22
T[C>G]T	483	253	267	85	117	29	258	205	466	88	149	314	202	125	282	109	113	289	143	32	484	295	178	90	130	155	131	244	133	196	281	184	268	172	98	159	295	902	243	188	115	228	102	111	177	1187	77	272	340	112	1800	217	122	51	245	313	182	164	939	605	363	65	798	188	157	161	280	269	221	159	194	455	574	14	415	231	217	168	195	951	147	81	1269	287	166	232	139	853	141	144	276	66	144	110	136	572	146	152	87	138	51	440	170	155	93	240	171
T[C>T]A	370	1268	373	122	160	132	359	320	50444	7524	21286	13097	39801	137	9743	8533	6607	13917	248	135	533	120	2543	209	651	149	143	334	199	37238	16523	11687	23807	22720	9693	8141	27157	65543	24397	19667	12596	327	17475	7734	23607	60552	1435	10795	49246	12062	176697	17606	11880	5814	13773	56247	11647	14070	48628	54585	331	3244	69645	25684	13884	10375	6652	24353	27929	18043	14495	24013	45673	277	9786	219	17750	45166	3737	51385	8095	861	145877	6480	11914	12242	152	22658	8158	331	42966	2138	5543	7454	4598	55199	19265	16212	265	11345	3206	68493	9694	8814	9546	10361	9155
T[C>T]C	201	1378	272	104	177	195	209	340	107624	15031	37094	26655	64447	100	18765	16158	13167	24965	269	177	571	93	3927	202	1400	107	106	294	194	69617	31694	20912	43860	42143	16042	15966	45718	137734	44177	35545	20825	355	36133	11642	45727	127981	2855	19827	82725	22388	252126	31554	21978	9424	25617	93646	24399	22976	98320	86882	273	4767	115469	44382	27046	17877	13275	46571	51038	34740	28747	45318	93579	792	17332	139	34911	79014	6714	87132	14467	1362	205386	12233	25078	23607	122	49437	16388	206	77541	4121	10203	11468	10488	80407	25655	27404	368	19405	5224	100892	18660	15590	15826	19266	15172
T[C>T]G	113	527	94	94	67	54	70	146	20564	2570	7357	5741	11994	80	3279	2907	2571	5034	151	80	175	108	1165	89	358	68	60	131	123	12797	6783	4060	8527	7639	3635	3359	9551	27478	9899	7428	4729	173	6111	3050	8297	22859	520	4271	14282	4308	42255	6033	4050	2232	5013	20302	5016	5297	15074	18480	144	1335	27453	8100	5454	3426	2396	10165	10790	6973	5750	8953	19772	93	3678	85	7163	16018	1592	21969	2559	361	44926	2980	4370	5534	98	11142	3164	121	14449	843	2021	3328	2175	15202	7176	6461	181	4764	1312	24193	3572	3414	4014	3452	3834
T[C>T]T	331	1205	264	133	162	124	302	321	35969	4733	12695	10559	22803	118	5917	5248	4240	8726	210	125	428	128	2210	249	520	138	104	346	225	23203	11081	7706	14681	15292	6167	6651	17145	43644	16541	11653	7430	312	9802	5157	14309	46305	997	7254	23461	7192	105376	11097	7079	3477	9159	32400	9778	10147	27518	37571	323	1721	49096	13349	9596	5619	4606	17021	16242	11362	8992	17005	31934	231	5785	205	10989	27414	2865	42274	3977	547	83972	4618	7086	9187	131	25946	5764	319	24277	1458	3453	4441	3551	32787	9758	10729	237	8287	2256	37191	7354	5892	6762	6924	5908
T[T>A]A	130	171	72	74	26	12	84	126	955	155	327	617	447	42	167	167	180	312	115	22	241	65	134	67	29	25	35	175	168	413	360	294	489	347	158	314	446	1921	746	264	142	119	252	115	587	1295	51	216	529	255	1629	349	217	73	310	585	377	202	1178	774	132	84	1739	243	293	126	146	544	446	427	277	599	1472	12	376	49	410	414	148	1721	85	43	1928	267	224	261	119	581	204	97	508	82	123	183	116	645	164	239	71	305	109	886	240	243	187	190	200
T[T>A]C	79	86	31	24	21	6	23	68	581	67	211	363	329	21	61	99	67	128	39	14	55	20	52	18	10	14	24	25	31	282	239	156	271	209	93	175	343	1323	320	167	89	39	114	77	329	953	25	186	350	149	1917	212	100	35	225	440	282	177	698	777	60	47	1758	162	178	77	76	372	283	236	201	436	933	11	232	24	239	217	97	1764	70	15	2532	107	97	151	29	360	130	35	323	46	56	84	35	564	132	174	25	197	59	738	130	155	137	163	139
T[T>A]G	68	88	25	18	7	8	24	38	468	73	84	259	141	15	48	44	47	109	42	14	59	16	65	11	13	11	15	24	19	141	126	139	190	131	38	97	143	707	214	83	58	27	63	47	179	519	31	68	177	83	593	124	69	21	127	220	184	81	407	293	38	10	693	61	103	54	30	183	120	123	111	203	567	6	113	11	165	110	56	658	30	18	984	59	101	80	23	254	88	16	151	36	49	60	46	278	61	74	21	89	46	317	85	52	64	87	63
T[T>A]T	216	208	68	59	25	16	51	197	3671	259	1067	2594	2052	28	254	634	409	734	124	37	133	76	128	40	39	44	29	94	69	1623	1540	816	1317	1070	276	806	1944	8227	1581	611	471	84	524	328	2388	5248	130	851	2184	655	15285	1605	359	101	1438	2323	1238	879	5007	5180	163	191	8620	846	764	312	358	1900	1722	1033	1466	1928	8026	16	602	26	1195	968	362	12693	223	38	16019	421	506	671	57	2046	740	61	1630	517	335	385	128	3104	702	906	53	891	257	3457	780	721	491	821	541
T[T>C]A	168	204	84	53	36	23	43	146	2435	380	759	1253	928	43	360	484	317	623	110	38	236	96	201	50	52	30	40	86	80	1039	721	580	956	791	345	483	1048	4319	1497	684	410	84	692	305	1179	2430	89	417	1448	609	3295	723	548	184	686	1362	833	530	3293	1409	119	127	3092	866	605	264	263	1050	1013	936	661	1505	3841	27	477	78	822	1417	242	3650	242	52	3347	437	629	471	138	1029	458	95	1349	144	297	303	253	1026	411	717	68	619	201	1613	466	425	410	380	476
T[T>C]C	180	184	116	55	16	7	58	200	847	126	274	427	353	31	158	140	128	213	96	24	213	74	111	37	19	41	46	90	127	360	289	232	427	280	116	179	422	1455	633	264	156	68	217	157	372	929	39	199	540	178	1585	240	173	54	279	462	349	168	931	595	124	80	1232	282	196	137	125	381	398	342	298	598	1286	7	323	94	309	390	98	1578	131	41	2121	202	209	232	144	459	122	110	475	62	113	144	138	436	206	264	95	221	82	675	198	133	143	201	158
T[T>C]G	90	108	41	28	26	12	30	114	1093	167	241	439	267	30	126	118	115	232	43	8	90	57	195	19	26	18	20	57	44	346	297	227	314	289	119	168	355	1713	801	268	153	47	267	117	402	860	34	194	453	286	1104	271	153	57	218	498	426	194	1047	459	61	67	1159	303	210	116	89	427	352	332	221	583	1611	10	210	51	281	530	120	1319	87	16	1584	170	271	222	49	481	125	57	498	50	104	101	111	337	114	285	31	231	81	691	198	146	134	145	143
T[T>C]T	196	231	101	74	35	27	63	232	2144	257	506	1162	766	41	249	286	252	391	137	39	253	111	160	42	40	32	52	105	108	688	638	430	744	621	168	358	951	3575	1275	383	315	104	351	201	929	2032	66	394	1010	329	4956	489	287	88	562	978	922	380	2217	1769	125	121	3014	438	351	197	210	832	882	587	510	1205	3387	21	429	99	605	748	222	4976	205	49	7200	313	345	408	166	1115	333	127	837	190	210	210	191	1226	307	463	99	457	140	1572	540	318	290	416	324
T[T>G]A	65	62	30	18	8	8	32	80	487	54	133	401	171	25	79	89	38	141	84	18	170	60	55	16	8	12	22	35	40	181	166	119	221	152	54	151	327	845	227	125	63	29	123	52	201	801	19	126	281	112	1340	183	73	43	248	216	146	110	661	499	68	24	895	164	138	57	232	262	212	177	157	434	612	13	170	25	174	133	59	1339	48	23	1095	101	113	117	42	402	110	18	226	33	56	122	94	401	99	105	22	111	38	380	114	95	78	242	92
T[T>G]C	51	44	20	9	8	2	29	118	385	40	94	252	150	12	36	61	35	76	22	6	48	20	35	9	9	9	15	22	29	155	107	91	227	122	52	120	314	698	176	100	64	12	78	47	154	740	15	126	179	79	1402	117	60	23	179	170	202	107	460	509	36	18	880	119	119	50	56	223	165	121	116	319	403	5	135	12	134	106	46	1280	33	12	1435	69	81	98	25	467	91	20	159	33	28	36	80	431	69	78	11	110	26	357	125	98	58	287	82
T[T>G]G	79	104	40	23	17	9	40	103	659	43	104	340	186	16	60	52	73	138	54	27	59	41	89	25	23	18	11	76	48	166	146	145	197	155	45	88	433	603	171	121	51	55	93	55	159	680	51	106	186	98	1046	196	96	33	179	184	148	109	619	391	62	27	601	131	121	55	81	173	122	97	149	269	420	8	156	23	165	114	56	769	81	15	788	92	118	115	21	551	74	33	189	39	51	51	89	393	81	97	43	92	24	225	137	73	62	242	86
T[T>G]T	145	172	91	60	22	12	76	1111	1314	100	220	1103	493	38	133	166	137	391	85	19	169	112	99	42	20	15	48	101	121	418	344	313	1275	339	134	336	996	2228	586	244	156	73	229	120	532	2088	54	460	551	230	4140	361	157	60	509	540	494	250	1437	1520	117	81	2300	267	302	167	212	704	572	340	356	808	1460	17	359	38	469	286	137	4318	91	50	4037	190	251	279	69	1264	267	133	480	80	96	144	211	1190	231	275	55	294	97	934	320	239	169	826	226
