Mutation Types	SARC-US_SP121761	SARC-US_SP121763	SARC-US_SP121774	SARC-US_SP121781	SARC-US_SP121783	SARC-US_SP121790	SARC-US_SP121808	SARC-US_SP121811	SARC-US_SP121816	SARC-US_SP121824	SARC-US_SP121828	SARC-US_SP121831	SARC-US_SP121837	SARC-US_SP121841	SARC-US_SP121847	SARC-US_SP121852	SARC-US_SP121859	SARC-US_SP121861	SARC-US_SP122361
A[C>A]A	188	74	135	188	85	149	27	54	117	38	98	78	38	74	141	119	138	6	218
A[C>A]C	133	54	113	126	64	90	24	38	88	16	46	63	33	64	102	74	111	4	154
A[C>A]G	22	9	15	20	8	16	9	5	19	6	9	4	7	9	13	23	8	0	25
A[C>A]T	180	47	171	134	86	114	22	36	94	26	53	73	18	63	134	92	120	12	203
A[C>G]A	95	29	120	128	40	56	18	49	37	22	25	27	26	43	60	55	58	6	103
A[C>G]C	43	20	73	84	23	29	11	23	22	9	23	10	8	20	24	17	26	3	29
A[C>G]G	14	4	19	15	4	10	2	7	6	3	2	4	5	3	8	9	13	1	14
A[C>G]T	83	25	166	138	48	46	25	49	34	19	49	16	21	34	55	58	69	2	55
A[C>T]A	211	97	182	211	146	152	58	105	135	102	94	132	88	106	152	145	141	22	212
A[C>T]C	88	40	90	96	69	53	26	46	54	44	43	46	34	32	75	67	58	16	94
A[C>T]G	200	132	228	315	112	125	96	96	149	120	159	154	113	101	182	178	140	30	404
A[C>T]T	153	52	137	203	84	104	30	63	87	51	54	81	44	57	135	98	94	14	170
A[T>A]A	65	31	99	106	37	51	16	27	54	11	32	45	20	24	51	37	62	9	110
A[T>A]C	78	29	62	86	28	29	18	22	42	13	25	43	25	24	60	33	49	9	84
A[T>A]G	91	34	71	112	57	61	12	33	57	23	39	31	27	40	59	50	52	7	74
A[T>A]T	126	45	109	126	56	70	19	37	63	16	37	65	24	41	83	68	90	3	137
A[T>C]A	148	76	152	231	94	98	31	61	88	47	74	63	43	52	91	68	80	22	127
A[T>C]C	76	21	80	96	32	45	20	24	50	15	34	28	16	27	52	39	53	7	74
A[T>C]G	87	38	118	142	60	47	25	50	69	27	44	34	32	30	61	53	67	9	80
A[T>C]T	126	79	149	188	73	103	32	50	84	50	66	63	67	54	97	73	69	13	143
A[T>G]A	42	14	71	54	21	19	7	10	21	2	17	12	8	12	17	18	22	6	37
A[T>G]C	14	7	32	29	15	6	0	5	6	3	4	4	10	3	7	5	6	1	15
A[T>G]G	59	9	42	68	25	27	9	10	17	8	10	20	15	12	27	21	26	4	40
A[T>G]T	36	17	40	45	36	13	5	22	15	12	23	12	10	15	31	15	19	5	31
C[C>A]A	167	60	160	188	78	125	29	45	98	43	75	66	29	63	121	114	102	9	180
C[C>A]C	157	25	134	171	65	100	19	39	79	13	30	58	24	61	87	72	80	6	129
C[C>A]G	16	7	16	28	9	17	4	7	15	3	5	6	3	11	9	9	6	1	18
C[C>A]T	166	59	175	175	66	122	17	32	70	23	57	79	29	49	94	101	99	13	148
C[C>G]A	39	13	64	78	25	33	9	29	31	19	23	11	14	22	32	42	30	5	26
C[C>G]C	52	19	60	86	17	30	9	18	28	12	20	11	8	20	21	21	28	1	47
C[C>G]G	10	1	14	16	7	5	4	4	1	2	1	1	2	5	2	6	3	1	5
C[C>G]T	77	31	149	147	36	51	15	44	44	19	33	17	24	33	54	50	50	6	72
C[C>T]A	107	89	118	145	123	88	57	114	95	64	91	102	58	63	132	137	63	19	169
C[C>T]C	84	69	125	128	78	61	38	76	68	48	59	73	45	46	92	93	42	21	102
C[C>T]G	109	80	127	203	77	74	34	54	95	45	92	65	73	56	116	120	80	23	212
C[C>T]T	148	95	194	264	125	133	50	88	115	76	74	102	79	89	139	150	102	21	206
C[T>A]A	66	14	69	69	35	51	16	18	29	8	25	27	10	27	45	23	35	5	52
C[T>A]C	121	28	60	96	43	55	5	17	46	14	18	33	10	37	69	41	59	2	60
C[T>A]G	92	20	79	126	52	53	6	22	57	13	19	29	12	22	59	44	47	5	59
C[T>A]T	151	30	141	152	69	85	20	24	61	11	42	60	15	48	97	70	78	4	95
C[T>C]A	55	20	101	134	42	31	9	16	40	10	32	11	13	34	41	31	47	2	45
C[T>C]C	135	21	180	240	52	86	14	25	53	15	25	42	23	39	64	51	73	3	101
C[T>C]G	58	25	97	138	46	51	10	23	36	10	23	20	21	29	37	33	42	3	51
C[T>C]T	83	24	122	123	75	48	11	23	48	12	36	36	11	34	48	28	53	6	70
C[T>G]A	19	12	35	32	15	4	0	4	10	4	8	4	3	7	11	5	6	2	14
C[T>G]C	27	11	26	45	15	10	5	8	11	9	9	7	3	7	11	19	20	1	13
C[T>G]G	45	10	58	99	31	28	4	8	21	5	8	18	6	17	33	14	26	0	23
C[T>G]T	79	28	59	98	74	18	10	9	28	13	15	16	9	14	24	13	27	4	52
G[C>A]A	96	57	107	122	72	87	23	30	52	21	45	35	31	38	105	104	83	7	118
G[C>A]C	78	38	58	108	51	57	13	23	34	9	21	30	11	31	67	45	55	1	66
G[C>A]G	15	5	10	10	9	10	1	5	10	4	1	3	4	5	8	6	2	0	10
G[C>A]T	93	25	97	92	44	85	21	22	51	7	41	41	17	30	71	70	67	3	86
G[C>G]A	35	12	63	61	15	23	5	23	16	13	18	9	10	16	25	25	27	7	21
G[C>G]C	31	10	62	62	16	20	5	15	18	9	9	13	7	13	25	14	22	1	34
G[C>G]G	13	1	4	11	3	3	2	2	5	1	4	6	2	4	3	3	6	0	6
G[C>G]T	42	23	80	100	20	30	12	22	19	14	26	21	15	26	54	32	27	5	40
G[C>T]A	87	58	123	134	77	62	39	73	76	48	64	76	43	56	97	85	65	10	137
G[C>T]C	77	39	105	87	53	64	31	47	56	44	55	49	36	45	77	70	41	9	115
G[C>T]G	149	78	175	274	90	88	60	83	97	52	115	117	75	77	136	156	89	19	260
G[C>T]T	108	41	118	123	79	69	31	70	67	38	61	63	38	58	79	80	58	13	111
G[T>A]A	47	18	35	42	25	51	2	7	34	9	9	19	19	11	35	23	31	2	43
G[T>A]C	40	14	35	53	20	21	2	17	21	7	12	17	12	19	26	26	30	1	43
G[T>A]G	51	22	49	66	29	47	11	13	38	9	18	16	10	19	28	26	25	1	45
G[T>A]T	99	21	80	84	32	69	15	21	52	14	23	40	11	30	70	35	75	3	89
G[T>C]A	88	26	95	157	48	49	13	26	48	16	26	31	17	21	66	38	45	4	59
G[T>C]C	76	20	87	112	34	55	13	12	38	12	23	39	10	24	37	23	33	4	60
G[T>C]G	53	18	78	121	31	46	16	26	38	13	19	22	13	29	31	25	35	2	47
G[T>C]T	91	38	112	135	45	70	21	29	55	16	39	48	27	26	53	50	43	7	73
G[T>G]A	13	7	19	20	8	8	1	3	10	5	7	5	3	8	9	4	12	2	12
G[T>G]C	19	3	21	22	5	4	1	4	8	2	4	6	3	6	7	5	7	0	11
G[T>G]G	61	7	39	80	12	22	10	12	19	8	11	17	10	14	21	19	23	1	18
G[T>G]T	51	17	29	67	40	16	4	14	11	3	6	5	8	7	19	17	8	1	23
T[C>A]A	99	61	144	188	57	109	29	64	65	15	59	57	49	59	106	118	91	10	140
T[C>A]C	86	46	133	173	56	90	23	53	81	27	52	37	33	63	94	99	73	10	115
T[C>A]G	12	6	7	19	10	13	1	11	6	3	6	7	3	4	11	9	5	0	14
T[C>A]T	167	65	165	213	75	182	39	51	83	22	80	77	50	65	135	157	143	5	190
T[C>G]A	120	68	276	268	75	176	49	123	77	45	147	45	52	61	137	138	99	25	251
T[C>G]C	69	32	143	150	45	97	25	60	71	30	66	23	28	47	68	47	67	14	121
T[C>G]G	9	7	8	14	8	6	1	5	6	4	5	1	2	1	5	4	11	1	9
T[C>G]T	147	154	573	432	120	274	56	192	176	84	251	106	117	139	215	244	179	48	378
T[C>T]A	161	256	275	255	258	214	125	253	171	141	289	257	181	136	292	403	140	69	562
T[C>T]C	129	159	166	205	157	133	67	136	108	81	156	165	103	87	181	235	84	38	324
T[C>T]G	74	63	113	139	52	59	46	44	51	48	86	63	41	38	95	97	49	12	166
T[C>T]T	143	230	272	286	202	164	89	212	199	115	190	174	143	116	235	337	132	49	471
T[T>A]A	99	30	94	117	51	55	20	21	46	9	24	33	19	29	47	59	64	9	76
T[T>A]C	74	25	54	75	31	50	15	14	49	17	14	37	14	26	46	27	50	4	61
T[T>A]G	54	17	66	76	24	33	4	17	22	11	19	23	12	15	30	22	39	2	44
T[T>A]T	156	38	168	149	67	119	28	28	88	18	49	85	19	59	103	78	101	2	129
T[T>C]A	89	30	134	205	43	45	13	17	55	14	29	37	23	43	50	53	56	5	61
T[T>C]C	103	25	188	238	42	66	7	29	56	17	30	45	22	39	62	49	62	4	90
T[T>C]G	58	25	80	118	31	36	8	16	34	4	15	22	14	23	28	51	38	1	39
T[T>C]T	122	43	156	165	76	63	23	41	59	31	34	47	35	52	75	51	66	13	101
T[T>G]A	33	14	93	73	24	14	4	11	27	4	21	11	19	11	17	22	22	3	33
T[T>G]C	27	11	39	47	16	12	4	6	19	7	9	14	6	10	19	13	17	2	28
T[T>G]G	44	9	70	109	30	22	8	8	16	6	16	20	4	20	31	32	32	6	47
T[T>G]T	84	29	147	139	78	46	15	33	39	16	28	30	24	23	47	41	38	5	93
