Mutation Types	GACA-CN_SP135180	GACA-CN_SP135182	GACA-CN_SP135184	GACA-CN_SP135186	GACA-CN_SP135188	GACA-CN_SP135194	GACA-CN_SP135205	GACA-CN_SP135209	GACA-CN_SP135213	GACA-CN_SP135217	GACA-CN_SP135222	GACA-CN_SP135226	GACA-CN_SP135230	GACA-CN_SP135234	GACA-CN_SP135238	GACA-CN_SP135240	GACA-CN_SP135258	GACA-CN_SP135262	GACA-CN_SP135270	GACA-CN_SP135293	GACA-CN_SP135299	GACA-CN_SP135310	GACA-CN_SP135323	GACA-CN_SP135390	GACA-CN_SP135393	GACA-CN_SP135405	GACA-CN_SP135411	GACA-CN_SP135415	GACA-CN_SP135420	GACA-CN_SP135425	GACA-CN_SP135431	GACA-CN_SP135436	STAD-US_SP104984	STAD-US_SP105006	STAD-US_SP105018	STAD-US_SP105086	STAD-US_SP105159	STAD-US_SP105213	STAD-US_SP105253	STAD-US_SP105261	STAD-US_SP105375	STAD-US_SP105425	STAD-US_SP105577	STAD-US_SP105673	STAD-US_SP83967	STAD-US_SP84056	STAD-US_SP84062	STAD-US_SP84086	STAD-US_SP84392	STAD-US_SP84408	STAD-US_SP84439	STAD-US_SP84491	STAD-US_SP84719	STAD-US_SP84743	STAD-US_SP84790	STAD-US_SP84858	STAD-US_SP84922	STAD-US_SP84962	STAD-US_SP84982	STAD-US_SP84998	STAD-US_SP85130	STAD-US_SP85222	STAD-US_SP85230	STAD-US_SP85251	STAD-US_SP85287	STAD-US_SP85339	STAD-US_SP85379	STAD-US_SP85431
A[C>A]A	0	627	67	369	87	232	109	108	205	6	212	64	154	377	11	229	58	137	266	4	444	2	46	81	220	306	117	127	230	360	310	220	185	199	1168	625	433	220	252	97	444	113	244	320	252	258	75	118	494	92	1192	390	278	515	322	325	294	228	305	226	189	127	216	117	259	161	309	97
A[C>A]C	1	294	37	209	52	110	36	50	100	5	89	33	79	179	3	131	23	85	147	0	257	0	31	53	109	178	96	84	147	187	184	143	81	115	1031	248	198	84	211	85	289	87	83	225	130	152	45	93	382	60	918	262	118	299	232	166	197	107	184	87	158	57	199	97	127	99	153	77
A[C>A]G	1	38	6	38	7	23	10	5	11	0	21	7	12	17	0	25	8	17	21	1	42	0	6	11	20	15	15	11	10	38	25	11	15	11	135	36	34	11	33	11	53	5	18	30	9	23	8	11	32	15	115	41	25	40	31	22	25	13	25	22	20	9	18	17	25	12	31	10
A[C>A]T	1	407	38	225	76	129	57	62	117	3	113	41	87	214	6	129	25	83	133	0	297	0	42	53	129	173	87	86	134	222	225	155	88	123	1067	356	244	107	187	62	290	87	101	237	127	141	43	81	432	42	1671	275	145	338	230	142	192	103	315	118	111	78	195	70	149	93	163	69
A[C>G]A	0	137	29	140	38	41	16	19	35	3	32	23	45	80	0	35	16	35	74	0	190	0	25	22	82	88	40	46	93	61	103	83	37	54	716	170	122	48	135	39	174	26	39	155	52	118	22	31	257	18	585	152	48	227	177	81	146	74	136	59	52	27	137	44	36	45	80	48
A[C>G]C	1	90	14	68	25	21	10	13	27	0	25	10	36	46	1	36	6	26	33	0	100	0	9	17	34	49	33	26	60	34	64	46	28	25	399	86	57	40	67	28	111	18	28	102	37	76	16	26	134	11	427	107	24	140	107	49	100	36	78	32	40	18	79	19	23	34	36	10
A[C>G]G	0	22	5	27	7	6	4	7	6	0	5	7	8	18	1	11	0	6	15	1	36	0	1	7	8	17	5	7	23	7	19	14	7	8	89	20	12	8	28	12	38	11	7	23	6	32	3	9	20	10	44	32	8	27	35	13	36	6	14	7	8	5	20	8	10	8	12	2
A[C>G]T	0	144	22	115	54	58	24	33	51	2	35	21	70	73	3	52	14	60	88	1	224	0	15	22	99	107	67	40	104	83	114	92	54	64	869	185	77	54	109	38	210	45	43	149	55	124	37	31	208	36	707	181	56	402	215	94	209	42	163	55	70	32	142	36	59	42	81	43
A[C>T]A	2	625	73	297	116	178	68	74	118	7	143	46	120	256	13	197	70	131	239	3	379	1	89	62	175	286	304	126	236	230	240	256	131	149	916	434	404	147	264	100	341	122	188	280	241	196	60	134	4151	119	7745	439	200	548	291	274	314	157	1383	196	232	84	190	155	165	167	296	124
A[C>T]C	3	318	30	161	74	75	36	52	67	1	71	28	83	158	3	114	32	72	121	1	173	1	48	48	82	189	128	69	142	127	147	132	75	105	465	281	195	91	130	87	208	67	87	149	145	111	34	71	1297	70	5180	244	95	226	159	141	174	97	588	107	125	45	91	96	108	83	194	77
A[C>T]G	3	1007	106	461	513	652	215	286	284	10	802	178	420	685	23	528	148	475	884	3	559	2	107	91	536	633	282	160	671	623	435	486	1113	496	705	1092	690	449	692	386	629	408	570	470	565	382	254	297	4407	389	9486	758	553	769	782	867	646	270	2019	469	858	347	263	511	450	412	725	221
A[C>T]T	0	413	52	273	83	141	43	84	115	3	154	41	98	208	5	136	54	94	166	0	292	0	46	54	145	267	138	100	200	206	241	214	128	120	726	379	286	122	199	85	273	82	120	204	192	165	53	96	1258	115	3585	350	137	321	237	237	220	123	655	149	158	54	190	104	134	130	260	86
A[T>A]A	0	184	53	146	66	101	32	22	79	5	55	25	76	96	7	88	26	40	101	1	212	1	26	33	107	97	70	84	98	134	159	82	62	86	634	239	104	111	137	40	210	61	54	150	73	74	38	41	580	40	5862	204	47	270	178	114	157	46	191	64	82	46	90	51	88	47	119	54
A[T>A]C	1	132	17	140	46	73	24	18	59	1	32	23	41	87	0	73	14	27	91	0	131	0	19	23	64	111	41	43	83	121	119	73	43	72	472	177	71	55	109	24	159	49	38	128	53	71	29	37	682	39	9419	202	48	169	122	69	135	36	306	50	80	29	59	35	57	48	73	60
A[T>A]G	1	119	49	123	54	61	20	22	56	1	36	19	53	69	2	70	21	35	77	0	158	0	29	33	73	90	48	62	74	88	99	61	45	65	540	175	73	60	97	30	116	43	41	118	64	79	23	40	180	43	1113	168	41	194	115	71	102	38	110	42	63	35	102	45	51	53	77	49
A[T>A]T	0	602	56	353	117	223	73	51	103	0	102	56	129	214	8	192	39	87	163	0	311	0	23	61	166	232	161	121	211	379	434	247	126	163	858	377	217	177	259	88	502	165	75	222	133	186	46	100	1848	44	7851	557	125	501	300	193	476	104	920	113	153	75	130	114	194	160	308	83
A[T>C]A	0	575	67	302	145	176	63	79	155	1	120	84	133	220	3	190	44	121	201	1	413	3	58	76	237	226	139	128	228	221	415	247	209	178	807	855	225	350	306	90	709	172	116	256	140	216	67	94	2913	123	10166	531	138	680	392	222	410	109	1572	135	198	73	213	107	181	133	194	101
A[T>C]C	0	293	17	185	27	46	23	23	47	1	51	22	63	97	2	63	13	53	73	0	147	2	11	34	84	101	75	57	110	192	130	101	53	69	392	209	97	72	135	50	167	57	44	105	53	112	25	36	1006	42	4027	341	66	255	169	90	296	54	649	45	64	30	108	45	78	43	130	46
A[T>C]G	0	326	24	173	58	61	20	18	53	2	65	49	66	114	1	103	27	40	108	0	221	0	46	18	118	131	66	64	110	155	228	142	76	97	547	355	121	132	156	56	267	90	89	149	59	150	36	50	2492	55	5872	337	109	326	229	131	279	103	1575	78	115	43	155	54	115	55	136	64
A[T>C]T	1	471	45	340	119	127	57	54	130	1	111	80	123	215	2	166	33	111	168	1	318	1	58	69	196	218	131	98	221	350	251	171	177	184	825	720	257	244	268	101	313	120	119	239	131	198	40	88	1250	92	6247	505	132	482	352	171	482	123	747	129	196	51	229	103	131	104	230	108
A[T>G]A	0	124	16	74	90	50	14	39	18	0	32	10	92	77	0	31	17	37	35	0	112	0	12	16	108	54	55	50	97	95	115	54	44	40	531	98	47	46	106	16	331	42	27	53	30	46	11	25	101	25	637	177	31	448	152	58	222	28	93	31	32	23	42	19	33	27	61	26
A[T>G]C	1	127	7	88	19	16	13	8	9	0	10	9	48	43	3	18	6	21	17	0	43	0	7	15	44	27	64	17	35	112	32	19	12	20	151	61	30	14	44	14	63	19	12	22	13	16	2	3	130	8	576	270	16	244	73	25	319	10	191	16	29	12	19	14	16	13	88	6
A[T>G]G	0	92	16	100	27	27	21	15	18	0	14	12	33	63	1	27	7	25	44	0	101	0	7	13	60	50	38	27	66	84	53	48	27	32	297	91	65	36	73	20	102	32	31	71	37	54	12	21	103	14	474	177	18	169	102	47	188	24	131	23	37	16	72	21	34	28	49	21
A[T>G]T	0	929	15	787	220	87	100	56	46	0	59	32	507	593	5	77	34	109	79	0	150	0	10	89	352	315	477	95	343	1895	173	120	60	124	333	243	162	53	282	36	384	97	74	109	50	95	20	38	500	35	1657	2784	117	2230	633	76	3572	39	979	58	143	25	48	42	137	131	929	31
C[C>A]A	1	660	56	229	63	168	85	63	110	3	134	43	127	259	3	166	32	86	175	2	290	0	32	61	124	230	117	77	153	280	308	169	96	141	1142	386	233	144	196	65	415	120	162	232	139	162	52	118	916	68	2830	242	192	352	224	181	248	188	600	167	144	81	221	82	257	109	182	69
C[C>A]C	0	304	38	139	29	81	37	30	77	3	66	26	60	127	2	85	18	45	102	0	178	1	18	18	89	123	50	61	129	134	141	78	54	65	1057	176	133	59	129	59	230	56	75	213	69	117	38	64	1720	50	3924	189	119	232	189	87	152	78	930	94	85	62	211	57	111	57	101	47
C[C>A]G	0	90	2	27	15	19	7	6	13	0	19	9	22	48	0	18	3	16	20	0	28	0	6	4	15	24	15	12	23	45	31	21	11	21	112	39	25	15	22	11	65	15	22	25	15	21	8	15	307	9	855	33	24	52	26	28	40	18	151	23	22	9	22	15	40	17	29	7
C[C>A]T	1	952	36	190	70	171	97	42	113	4	130	64	121	213	3	147	37	65	158	1	267	0	25	45	102	200	136	114	164	294	411	173	99	122	1484	373	280	129	205	64	575	144	130	220	130	148	40	135	4275	49	17026	215	283	395	234	156	264	165	2824	158	103	75	178	83	242	141	176	62
C[C>G]A	1	54	14	67	15	20	18	10	28	1	19	11	31	34	1	33	2	15	40	0	122	0	10	7	44	46	15	25	51	42	57	57	24	38	496	116	65	33	81	31	89	24	30	130	32	77	14	21	53	24	147	108	25	132	104	43	101	36	38	31	33	18	113	21	28	20	46	24
C[C>G]C	1	57	15	55	13	20	12	4	24	0	12	6	19	37	2	21	5	18	40	0	82	0	10	11	28	43	23	19	53	23	44	35	24	26	400	80	56	20	59	20	77	25	16	128	29	68	13	22	53	17	159	94	20	105	103	30	77	25	34	25	35	17	82	23	20	15	42	29
C[C>G]G	0	14	1	12	3	4	2	1	6	0	6	0	1	4	1	3	0	1	8	0	27	0	3	3	7	6	4	4	13	18	20	17	2	2	69	15	7	5	16	9	31	11	5	17	5	21	4	13	27	3	44	50	4	27	19	12	28	8	16	8	10	3	24	6	9	5	17	7
C[C>G]T	0	86	18	83	27	25	5	14	34	0	24	20	31	59	1	37	8	20	66	0	165	0	16	19	56	73	41	40	77	41	66	68	33	49	750	128	87	49	106	41	128	48	36	153	47	101	29	30	81	27	273	182	22	207	163	62	162	51	84	50	39	22	132	16	39	32	62	43
C[C>T]A	0	447	46	185	123	158	44	58	94	1	108	61	140	203	11	163	64	113	206	2	293	1	47	37	147	251	245	105	176	181	224	213	105	148	676	372	357	158	232	106	299	117	161	246	206	156	58	123	912	98	3268	419	140	519	242	238	308	135	385	151	188	55	154	149	142	157	251	107
C[C>T]C	2	396	37	143	92	131	36	48	70	0	74	43	95	183	4	118	44	81	142	1	218	1	32	49	105	220	165	107	167	156	144	177	84	121	573	321	270	122	181	91	207	60	106	188	183	113	52	110	1110	69	5957	282	108	354	191	200	230	96	461	141	163	51	140	106	120	116	293	97
C[C>T]G	4	787	57	277	263	422	131	172	186	1	489	117	284	437	17	365	95	293	483	3	420	1	69	73	356	500	221	114	509	408	354	417	667	333	496	731	554	311	458	258	422	235	372	321	467	301	129	191	3539	242	8306	575	436	557	564	679	431	175	1534	363	542	224	132	308	263	321	565	138
C[C>T]T	0	421	49	271	110	158	60	63	96	1	132	62	145	214	6	129	61	99	150	1	289	0	62	72	143	286	171	115	190	217	205	205	117	142	978	422	309	160	233	112	276	110	144	274	241	163	52	110	1063	94	4857	431	159	450	290	254	254	132	494	172	163	74	190	132	168	136	274	106
C[T>A]A	0	113	43	92	33	37	15	23	36	2	25	19	35	38	0	44	11	25	36	1	128	0	11	16	66	70	32	43	55	83	78	47	26	58	548	118	72	45	67	24	191	39	30	119	44	57	24	29	100	15	933	173	26	215	116	45	144	24	93	29	38	24	75	17	39	30	50	20
C[T>A]C	0	320	36	256	114	45	41	20	43	0	27	24	116	171	5	55	23	55	72	1	169	0	20	47	107	108	92	55	138	490	89	69	35	69	699	180	106	49	129	32	188	51	39	146	51	86	26	35	395	23	2462	727	59	601	224	72	628	37	361	39	60	30	108	25	68	63	269	35
C[T>A]G	0	178	76	164	75	60	28	32	48	0	25	19	58	110	3	71	15	32	66	1	154	0	19	37	96	60	73	48	108	223	95	62	33	64	786	171	110	50	95	28	130	40	30	141	34	61	30	22	138	34	946	325	44	354	142	60	298	32	139	40	69	29	132	24	60	30	130	38
C[T>A]T	0	850	48	704	251	97	97	62	84	1	80	33	339	561	6	146	43	126	129	0	316	0	23	117	368	290	230	94	520	1611	194	119	75	287	1104	410	198	70	304	54	495	108	98	337	113	110	45	46	428	50	1219	1924	136	1398	741	123	1590	57	575	101	134	62	135	55	163	128	845	49
C[T>C]A	1	365	31	267	104	76	50	40	41	1	52	37	105	158	4	86	30	68	73	0	219	0	18	33	144	111	131	53	135	348	192	116	65	88	392	199	106	64	147	41	520	76	54	117	58	111	25	37	1666	47	8034	515	76	653	273	93	574	39	971	64	74	24	88	56	88	74	195	37
C[T>C]C	0	803	33	738	227	67	75	32	55	1	70	40	348	458	2	90	48	88	86	0	171	1	13	95	294	263	279	60	346	1527	147	130	71	137	677	236	133	63	243	61	335	96	75	144	85	123	33	46	1213	54	4185	1672	152	1308	463	106	1969	45	1171	88	147	44	146	46	131	145	764	47
C[T>C]G	0	664	12	491	112	46	43	21	31	0	61	35	191	288	1	66	20	57	71	1	133	0	16	35	172	175	179	61	244	1085	186	116	83	88	397	211	126	79	184	36	282	98	76	128	60	103	16	43	2669	35	7033	1271	137	874	407	109	1517	42	1928	85	101	38	110	49	118	95	547	51
C[T>C]T	1	2262	49	1964	687	194	283	109	165	3	177	65	1100	1603	11	220	118	379	162	2	374	0	33	360	926	694	657	140	1225	5613	342	297	181	438	652	630	263	142	725	89	766	221	150	303	149	196	42	85	2109	83	7811	4665	387	2995	1760	223	5407	47	2428	141	386	61	122	71	351	431	2807	73
C[T>G]A	1	110	7	63	30	16	4	10	19	0	11	14	29	49	1	19	5	18	31	0	80	1	8	9	60	35	32	19	51	77	71	34	20	29	229	88	46	24	66	16	154	29	16	61	21	36	9	14	137	14	381	220	24	280	108	46	213	16	126	28	29	9	38	17	30	24	63	11
C[T>G]C	1	237	7	157	103	20	26	9	17	1	10	20	162	184	1	39	5	22	21	1	58	0	3	18	154	111	146	38	121	434	74	58	29	56	238	105	71	28	122	16	186	46	35	75	25	41	12	9	521	21	1158	1037	54	794	266	32	1071	17	662	22	72	8	36	17	42	36	258	20
C[T>G]G	0	212	12	151	45	48	19	12	29	1	31	22	95	120	2	40	12	28	29	0	77	0	7	9	83	84	127	38	86	230	105	82	36	56	363	129	91	47	109	25	157	58	43	102	37	51	15	31	579	15	1265	575	47	389	200	56	629	28	634	40	52	13	79	29	46	41	148	21
C[T>G]T	0	3576	37	2259	1434	222	391	195	192	1	191	98	2845	3430	15	397	126	472	192	0	403	0	10	224	2188	1533	1562	246	1790	8239	547	590	282	869	484	1150	424	107	1729	118	1776	492	231	369	178	309	61	71	2294	114	4893	14457	640	10375	4672	295	16060	58	4606	242	1002	59	72	62	530	737	5232	81
G[C>A]A	1	914	44	251	64	238	177	116	286	2	217	67	210	531	12	241	59	156	280	2	329	0	27	65	214	369	149	65	230	444	295	217	145	294	690	693	634	330	178	105	511	113	307	318	250	229	79	85	586	58	1770	237	434	357	190	311	272	347	310	425	143	124	117	109	401	216	339	65
G[C>A]C	0	293	23	122	30	73	58	28	84	1	77	20	57	139	3	89	22	62	94	3	128	0	14	29	69	121	63	39	92	118	151	78	53	94	583	211	144	72	114	56	172	45	72	155	77	104	34	35	403	41	2183	180	99	211	124	102	132	88	394	107	75	40	134	49	136	62	103	44
G[C>A]G	0	60	5	23	12	22	10	7	12	0	12	9	17	30	1	16	4	10	19	0	34	0	4	9	12	32	17	7	20	35	25	26	21	24	81	60	47	19	19	9	35	17	19	39	16	24	14	14	96	7	430	33	29	28	36	25	21	20	81	22	24	7	18	10	36	14	29	11
G[C>A]T	0	752	37	223	47	163	147	61	166	1	161	32	143	300	9	177	33	97	181	0	238	0	21	33	125	209	107	68	141	323	237	166	103	144	701	431	400	173	178	65	395	86	174	209	160	147	48	84	987	64	6487	202	242	293	194	198	234	205	955	229	118	90	115	108	255	121	205	46
G[C>G]A	0	71	17	50	31	21	11	6	17	0	14	15	17	32	1	20	8	17	26	1	75	0	5	13	35	41	15	12	45	25	38	34	16	30	325	86	51	21	60	12	67	15	21	101	30	53	13	14	81	16	322	73	28	86	68	43	64	19	44	25	26	9	65	17	20	11	28	26
G[C>G]C	0	98	6	58	23	24	6	11	19	0	22	9	26	32	0	32	10	24	33	1	67	0	10	11	39	43	22	31	40	29	55	37	25	29	405	76	27	23	62	13	82	25	12	73	22	45	8	15	172	16	836	70	16	148	86	46	60	26	103	23	27	15	74	16	22	22	30	18
G[C>G]G	0	12	3	12	5	3	4	0	7	0	4	2	3	7	0	3	0	0	3	0	16	0	0	2	7	8	5	5	12	5	6	6	2	6	47	11	5	4	19	2	21	5	3	10	7	12	3	6	26	2	66	15	8	16	11	5	13	8	18	3	6	6	17	3	4	3	6	1
G[C>G]T	0	68	19	80	29	27	11	10	34	0	18	14	27	60	2	33	3	20	34	0	101	0	12	6	47	73	19	29	47	41	63	46	29	29	538	118	44	22	73	29	120	22	32	123	24	78	14	22	122	18	341	106	31	154	109	45	88	32	74	24	36	17	101	17	34	16	37	26
G[C>T]A	1	400	30	179	82	131	33	55	99	0	107	38	97	150	5	128	53	93	141	0	241	0	47	45	144	225	169	71	161	175	189	166	111	134	681	373	270	116	217	85	239	93	119	200	147	156	62	89	3710	81	10696	332	140	392	243	209	211	101	1281	136	164	58	156	99	117	126	167	83
G[C>T]C	2	361	29	151	79	117	35	49	79	1	107	40	85	159	5	114	49	90	151	1	205	2	36	51	110	226	175	70	143	155	232	177	86	156	590	362	232	141	184	93	270	115	107	205	161	129	55	76	4451	90	18391	294	140	310	208	181	240	89	2186	134	133	48	140	123	95	112	150	75
G[C>T]G	0	920	59	291	337	457	162	173	223	1	593	123	411	552	12	492	101	357	618	3	419	1	61	75	447	567	281	175	547	507	439	468	790	429	718	980	519	386	551	334	599	374	441	365	448	393	196	214	6266	285	16829	758	532	717	633	789	575	208	3524	430	600	256	188	413	324	436	636	152
G[C>T]T	1	332	44	156	84	133	43	66	75	0	120	43	109	175	2	119	38	85	157	0	196	0	41	59	127	259	130	79	150	167	220	195	130	135	685	372	252	144	200	91	266	119	120	184	164	141	48	90	2694	78	11559	327	160	273	228	178	248	86	1546	144	156	48	116	116	114	109	163	79
G[T>A]A	0	91	32	73	26	26	12	13	28	0	13	4	13	34	1	39	12	19	32	1	97	0	8	19	30	43	16	31	44	38	53	28	8	39	309	89	64	30	44	11	108	23	30	73	26	48	13	24	151	9	1989	96	20	123	47	36	92	23	80	28	33	8	58	13	25	22	35	15
G[T>A]C	0	120	14	103	27	25	17	17	18	0	16	10	37	64	1	21	12	14	28	0	84	0	9	16	45	51	40	26	61	119	51	29	24	34	252	93	41	24	58	15	86	29	12	67	28	37	11	23	326	16	6358	214	28	194	102	36	162	23	178	22	29	12	63	23	23	37	79	25
G[T>A]G	0	88	26	73	31	37	13	15	30	1	15	14	23	50	1	28	9	24	36	0	88	0	15	13	56	55	38	30	41	76	54	37	22	37	351	94	47	20	58	19	89	19	19	74	32	50	10	12	218	22	1672	146	23	137	79	38	121	23	108	32	36	23	66	20	39	17	49	17
G[T>A]T	0	279	25	234	66	51	31	19	47	0	53	19	89	180	1	61	16	51	55	0	127	0	25	40	83	77	100	43	123	401	93	78	36	96	561	153	108	26	130	18	165	53	44	170	58	77	26	38	315	16	2274	421	55	348	212	60	386	30	219	45	48	39	90	29	76	48	234	30
G[T>C]A	0	324	31	144	51	65	32	26	77	1	76	36	82	118	6	100	32	65	110	0	207	0	21	40	120	113	92	65	92	149	236	150	62	109	477	235	122	128	149	49	321	107	77	102	61	122	26	39	4448	46	18063	329	81	324	193	116	259	65	1530	69	110	41	92	62	101	61	133	61
G[T>C]C	0	320	15	232	72	47	32	24	39	0	64	25	101	140	3	61	25	75	65	0	103	0	6	40	93	139	95	42	127	361	136	111	61	97	332	193	83	54	135	50	164	81	50	84	72	92	20	39	1521	29	7571	452	75	368	183	77	533	48	962	51	81	24	64	40	67	67	182	42
G[T>C]G	0	290	17	185	47	54	28	7	41	0	45	32	59	134	0	66	6	26	78	2	132	1	17	22	74	95	79	48	116	308	144	99	49	60	330	148	99	74	123	36	138	71	49	78	43	88	26	37	3037	35	10717	409	82	284	163	75	427	46	1432	51	58	18	80	28	80	48	183	31
G[T>C]T	1	481	40	326	129	99	52	49	75	2	97	54	172	250	7	109	33	94	127	1	199	1	44	67	168	164	132	101	218	657	175	166	74	128	496	316	155	126	201	76	236	104	85	163	77	122	35	69	3035	49	13393	624	97	469	277	132	619	73	1010	102	109	30	113	70	125	82	306	83
G[T>G]A	0	52	11	43	20	18	0	11	15	1	8	8	26	23	1	22	3	10	7	0	47	0	5	6	33	25	19	18	34	19	38	30	9	19	202	58	35	18	41	8	64	19	11	50	18	31	8	6	50	10	402	88	13	101	46	22	87	5	60	27	20	6	34	7	13	8	28	10
G[T>G]C	0	80	4	72	35	19	8	7	7	0	10	7	64	43	2	16	5	12	18	0	25	1	4	7	35	43	40	14	42	114	14	20	17	16	121	49	22	8	34	15	72	16	15	45	12	19	3	8	91	7	662	254	14	180	80	14	326	2	244	6	16	4	20	8	18	18	56	7
G[T>G]G	1	105	12	81	26	35	16	13	26	3	11	12	56	58	5	25	8	24	31	1	67	2	7	17	35	64	53	27	44	106	57	47	12	34	372	92	57	32	79	18	70	38	20	88	29	75	14	18	138	31	762	206	34	156	103	40	231	14	244	28	24	25	86	25	29	20	55	20
G[T>G]T	1	1049	24	758	442	104	134	58	69	1	64	30	672	847	5	105	49	157	68	0	144	1	7	124	483	370	456	98	431	2310	170	183	69	189	316	333	143	52	426	40	417	125	96	142	60	89	9	33	730	31	3928	3445	157	2495	1000	74	4291	24	1744	78	206	32	49	41	167	151	1163	24
T[C>A]A	1	864	49	276	88	319	149	124	184	1	263	68	216	411	6	237	83	150	268	0	440	1	29	68	194	356	171	112	218	465	461	272	179	211	1191	623	369	258	293	117	620	147	203	299	189	234	78	121	495	71	1386	314	346	462	304	306	368	294	286	279	220	97	182	124	303	199	274	88
T[C>A]C	0	501	45	185	65	161	81	57	128	0	148	51	145	276	5	159	47	122	178	0	283	0	21	44	133	206	90	68	118	239	214	164	97	142	952	372	228	136	218	128	321	88	131	225	152	156	63	87	539	63	1351	234	238	358	219	198	211	190	306	136	138	84	200	108	175	147	155	80
T[C>A]G	0	99	6	30	7	30	29	9	23	0	31	14	20	45	0	24	14	17	33	0	39	0	1	6	20	32	16	15	24	59	42	28	21	27	74	54	43	20	40	11	62	13	28	27	30	24	9	22	80	8	179	41	58	35	24	46	36	34	41	31	20	10	20	14	40	30	41	16
T[C>A]T	0	1738	74	419	106	509	289	164	321	2	395	139	342	756	17	407	99	235	433	2	622	1	23	137	313	530	254	174	281	756	1007	427	278	365	1444	974	630	332	494	136	1068	259	316	365	323	363	97	219	1530	102	5065	466	613	712	403	446	564	488	799	468	284	179	198	189	521	374	502	115
T[C>G]A	2	121	47	179	166	25	30	26	49	0	57	52	144	103	5	85	13	67	142	1	282	2	19	35	108	116	65	47	128	195	207	206	50	97	1612	172	120	78	273	82	238	103	70	214	90	174	93	52	87	84	437	302	96	546	257	141	437	77	85	58	80	73	308	48	95	71	63	96
T[C>G]C	0	99	37	131	66	36	14	11	38	0	25	32	69	67	5	55	12	46	78	1	173	0	14	18	62	74	54	47	72	52	110	105	34	55	1053	135	87	37	148	49	146	56	48	167	51	113	37	31	70	55	398	154	41	272	168	60	204	48	74	35	45	36	165	31	36	36	54	34
T[C>G]G	1	11	4	14	9	2	2	1	4	0	9	2	8	7	1	7	4	7	5	0	32	0	3	5	6	8	3	6	9	10	22	21	3	3	123	22	8	7	27	8	18	7	5	28	10	21	4	14	20	10	48	24	13	41	28	18	25	3	7	3	11	6	15	7	8	12	9	8
T[C>G]T	0	177	70	278	234	78	41	49	99	0	103	83	229	200	8	100	20	123	240	1	511	0	51	69	210	189	104	100	190	275	317	304	106	187	2804	370	214	152	482	137	421	159	96	375	140	272	146	65	264	157	1111	473	139	1104	466	239	734	138	214	91	156	139	469	94	155	110	114	190
T[C>T]A	0	539	71	330	449	178	65	70	161	4	208	121	342	301	6	327	117	165	401	1	461	0	68	104	163	411	531	205	244	928	570	526	175	282	1816	500	524	215	495	220	388	237	233	377	395	290	188	241	961	189	3971	706	231	1501	351	414	860	188	398	164	293	174	325	212	292	451	272	354
T[C>T]C	1	407	47	268	224	165	71	66	101	0	149	81	186	228	9	174	60	129	230	1	312	0	43	94	140	317	386	158	200	327	305	356	118	222	1035	421	430	192	346	194	317	179	187	292	338	187	97	142	1083	140	4846	517	179	831	275	269	518	150	484	187	245	90	255	177	218	220	250	159
T[C>T]G	2	500	47	209	227	298	104	132	132	0	334	92	222	309	5	268	74	220	394	0	332	0	52	52	260	303	182	80	310	413	242	290	511	248	408	512	311	221	316	182	343	218	289	243	301	214	95	145	1816	177	4341	412	303	435	379	483	379	121	821	216	355	145	128	230	206	215	351	117
T[C>T]T	0	454	70	354	400	174	82	68	155	2	213	107	306	304	8	253	113	150	337	4	380	0	54	97	164	432	435	225	256	735	468	480	146	276	1445	593	534	262	442	212	404	199	250	380	476	243	131	212	970	192	5142	730	214	1154	348	414	723	154	511	216	325	144	256	203	303	360	308	289
T[T>A]A	0	582	58	185	90	197	81	55	89	1	90	49	128	182	6	139	30	78	143	2	299	0	18	43	157	193	121	87	176	183	345	236	94	143	666	333	173	156	252	86	557	141	89	174	113	142	42	77	788	38	3571	404	91	525	257	278	390	107	473	125	139	61	80	103	129	135	204	54
T[T>A]C	0	173	15	116	37	47	24	15	39	0	28	26	51	82	0	42	14	37	53	0	147	0	16	27	78	68	44	33	74	174	84	57	17	51	429	130	76	35	71	24	209	32	27	100	41	67	17	23	211	22	2228	288	38	274	142	59	241	40	141	35	39	22	82	27	44	48	90	25
T[T>A]G	0	86	45	94	34	30	16	20	37	1	25	6	43	51	2	34	14	19	53	0	128	0	12	25	60	52	52	28	57	81	63	31	27	47	375	101	65	29	63	18	161	40	21	86	46	38	11	23	94	21	650	148	21	184	103	53	133	36	77	26	33	19	65	24	28	18	49	25
T[T>A]T	0	548	43	432	140	124	58	36	89	1	78	39	163	292	6	111	43	114	146	1	440	1	34	70	231	196	167	101	272	640	185	157	80	212	974	323	179	103	232	55	580	94	89	262	131	133	50	87	583	44	1929	991	97	829	395	161	822	80	472	92	137	55	147	55	135	130	386	67
T[T>C]A	2	422	40	252	258	85	58	97	83	1	79	42	176	228	3	125	36	113	132	1	423	0	17	61	292	141	128	82	216	290	375	143	96	123	524	295	141	103	248	60	1366	118	72	157	73	144	35	48	2838	79	13125	479	97	1236	468	161	530	78	962	78	131	39	113	60	106	101	225	64
T[T>C]C	2	525	18	317	96	72	49	34	47	0	75	32	137	162	5	92	34	65	93	0	162	1	15	46	129	185	171	59	165	466	220	147	70	78	476	233	153	78	156	48	361	95	77	133	65	116	20	39	1707	50	8334	698	93	593	285	123	697	59	932	79	103	26	89	62	97	74	241	47
T[T>C]G	0	288	8	172	60	36	15	12	34	0	46	33	81	133	2	61	11	26	68	0	136	0	11	16	101	88	65	31	101	233	184	88	39	54	229	123	64	66	115	38	280	70	35	85	46	73	21	31	1779	29	5490	374	66	399	177	80	445	43	729	56	66	21	48	31	63	59	178	30
T[T>C]T	1	730	43	540	132	109	75	58	89	1	104	68	191	292	4	149	53	97	128	2	286	2	34	76	224	220	195	101	286	876	348	186	87	174	592	352	196	127	285	68	442	135	115	183	102	178	42	76	2723	61	10464	1009	124	774	390	184	1115	76	1294	91	154	47	107	81	150	113	414	76
T[T>G]A	0	176	32	112	137	40	12	58	32	0	23	16	113	107	4	41	26	47	58	1	211	0	7	27	195	70	93	46	118	106	142	67	40	41	561	155	73	55	122	31	654	69	29	73	31	74	13	30	102	17	689	257	48	889	262	76	299	46	117	26	65	26	53	26	40	49	81	29
T[T>G]C	2	164	11	123	57	28	16	11	15	0	20	12	105	96	3	27	3	37	35	0	81	0	6	24	81	70	89	25	69	197	57	34	21	29	211	93	59	29	69	13	228	24	33	58	39	42	11	10	146	14	576	501	20	475	143	33	519	14	195	20	37	12	32	14	42	21	108	14
T[T>G]G	1	182	20	156	69	55	32	27	45	0	30	20	72	81	1	31	11	42	56	2	158	2	18	24	80	84	63	47	100	136	88	60	32	49	415	151	99	47	111	26	222	39	49	94	52	67	20	21	226	17	785	345	45	307	140	74	340	37	214	43	52	21	67	29	49	35	112	19
T[T>G]T	3	1873	36	1623	599	198	172	105	92	0	136	76	1015	1018	9	198	90	238	159	3	419	2	16	186	794	599	984	208	701	3325	434	282	153	287	747	581	446	144	625	83	1207	221	154	248	139	212	44	76	1037	66	2762	6029	259	4920	1400	227	6524	101	1722	157	290	54	104	86	306	274	1800	69
