Mutation Types	THCA-US_SP105708	THCA-US_SP105759	THCA-US_SP105807	THCA-US_SP105922	THCA-US_SP120767	THCA-US_SP85487	THCA-US_SP85491	THCA-US_SP85495	THCA-US_SP85511	THCA-US_SP85582	THCA-US_SP85623	THCA-US_SP85647	THCA-US_SP85725	THCA-US_SP85733	THCA-US_SP85737	THCA-US_SP85787	THCA-US_SP85818	THCA-US_SP85836	THCA-US_SP85840	THCA-US_SP85864	THCA-US_SP85952	THCA-US_SP86118	THCA-US_SP86130	THCA-US_SP86306	THCA-US_SP86425	THCA-US_SP86660	THCA-US_SP86775	THCA-US_SP86836	THCA-US_SP86929	THCA-US_SP86989	THCA-US_SP87099	THCA-US_SP87337	THCA-US_SP87434	THCA-US_SP87446	THCA-US_SP87534	THCA-US_SP87582	THCA-US_SP87675	THCA-US_SP87903	THCA-US_SP88050	THCA-US_SP88098	THCA-US_SP88158	THCA-US_SP88322	THCA-US_SP88593	THCA-US_SP88757	THCA-US_SP88776	THCA-US_SP89090	THCA-US_SP89245	THCA-US_SP89291
A[C>A]A	33	16	30	25	41	43	30	14	49	37	16	35	36	33	16	10	1	44	34	15	18	37	20	40	62	46	2	1	41	34	45	14	29	39	40	15	15	13	12	24	15	17	31	30	33	24	5	17
A[C>A]C	26	9	29	15	30	26	20	2	31	23	8	17	21	21	5	3	1	32	12	6	14	24	10	21	43	41	4	0	39	34	24	10	15	39	26	3	18	7	11	20	6	15	11	10	21	14	6	7
A[C>A]G	8	5	3	6	2	10	5	1	12	5	4	5	3	3	1	2	0	7	4	2	4	10	2	4	17	7	0	0	14	7	3	3	4	13	5	1	3	3	5	6	2	3	2	4	7	3	0	3
A[C>A]T	22	16	17	18	23	30	16	7	40	19	14	13	21	24	10	8	1	24	9	13	6	22	13	30	40	33	2	0	32	23	23	11	13	35	23	11	9	16	16	26	5	9	16	12	24	20	7	12
A[C>G]A	14	6	15	6	26	15	8	2	21	7	6	4	11	14	7	5	0	17	16	4	11	15	3	18	27	11	0	0	10	12	18	5	6	17	8	6	9	11	7	17	6	9	9	10	24	12	4	4
A[C>G]C	5	5	1	5	14	12	1	2	12	7	4	4	4	6	3	4	0	12	3	1	3	12	1	10	12	7	1	0	9	9	5	1	1	7	5	1	3	3	5	3	2	5	5	6	10	3	4	5
A[C>G]G	0	0	4	0	4	3	0	1	3	0	3	0	2	2	1	0	0	3	2	1	2	5	0	3	5	2	1	0	2	2	2	0	1	0	5	0	2	2	1	3	0	1	0	1	3	2	0	1
A[C>G]T	11	5	10	3	21	16	2	5	19	6	15	9	13	5	4	2	0	10	4	2	6	10	4	16	28	18	1	0	22	19	9	1	4	15	10	4	11	14	3	16	4	6	5	3	14	4	4	6
A[C>T]A	38	31	49	35	45	57	42	15	60	27	29	28	39	38	17	18	0	80	35	14	15	60	26	54	70	62	7	1	60	48	43	13	34	47	45	12	31	47	17	60	14	21	47	17	45	41	12	18
A[C>T]C	24	12	22	18	26	41	21	6	46	13	10	20	30	21	5	15	2	36	19	8	12	31	10	28	47	44	1	1	39	30	18	8	21	41	29	5	14	15	10	19	6	19	19	13	23	24	8	14
A[C>T]G	73	45	78	65	49	198	62	14	87	36	22	54	88	57	18	21	2	87	43	25	22	65	40	88	88	89	5	6	79	105	75	30	50	68	75	30	47	30	30	67	20	48	154	36	68	52	28	35
A[C>T]T	18	17	21	23	23	39	18	4	38	22	9	14	28	19	9	8	1	32	24	5	11	19	5	26	44	30	4	0	36	33	28	10	17	28	18	11	11	26	13	28	7	18	30	14	27	21	8	6
A[T>A]A	17	8	21	13	29	19	9	5	31	26	1	7	11	17	6	5	0	15	15	10	5	17	8	24	45	31	0	1	30	31	24	7	15	50	13	11	7	5	12	17	5	23	15	9	11	20	4	12
A[T>A]C	18	9	18	15	31	16	8	4	26	24	1	8	12	9	7	5	0	20	12	9	4	18	5	15	28	34	2	0	19	22	13	3	9	29	9	4	5	4	11	12	6	11	14	12	11	8	3	7
A[T>A]G	12	11	15	18	18	16	11	7	24	20	6	8	24	9	3	2	0	20	11	14	10	15	15	20	44	22	4	0	34	21	14	12	9	30	18	7	9	7	12	15	2	16	17	9	18	10	3	10
A[T>A]T	12	7	17	9	25	29	13	4	35	22	12	16	29	17	5	7	1	21	12	6	2	18	11	33	48	28	4	0	46	28	27	8	13	52	14	7	7	5	16	17	3	10	31	6	9	20	3	10
A[T>C]A	31	16	30	22	62	64	22	10	81	39	27	28	37	34	4	11	2	39	32	16	10	37	17	64	137	70	7	3	106	40	36	29	20	76	56	20	30	11	19	32	8	48	26	25	32	25	10	13
A[T>C]C	6	3	12	7	21	19	5	3	24	10	11	9	12	12	4	5	0	18	14	3	8	16	2	16	29	26	0	1	20	21	12	6	7	20	20	9	13	10	3	14	2	13	12	14	16	13	3	12
A[T>C]G	17	16	18	15	35	37	17	8	49	28	14	22	32	12	6	9	0	35	22	6	7	40	8	27	87	46	3	0	94	35	15	17	16	62	30	5	12	14	16	27	3	17	19	17	24	15	13	17
A[T>C]T	21	17	29	21	48	51	19	13	94	32	27	22	25	23	10	7	1	51	37	18	17	37	26	45	76	60	3	0	90	60	31	17	25	84	40	12	29	23	17	29	6	26	19	28	37	18	6	14
A[T>G]A	5	3	4	2	2	13	6	2	7	2	3	2	2	2	2	3	0	6	7	4	1	7	1	4	17	5	1	0	3	2	3	1	2	12	4	1	1	5	0	3	1	2	8	2	4	2	0	2
A[T>G]C	3	3	1	0	1	6	3	0	6	6	3	1	0	3	0	1	1	4	2	3	0	4	5	2	3	2	1	0	3	3	3	1	2	4	7	2	1	1	1	2	0	0	2	4	1	1	2	0
A[T>G]G	2	4	3	1	5	6	1	0	5	4	1	5	4	3	1	1	0	11	4	3	3	6	1	6	4	5	0	0	5	7	4	3	1	6	3	3	5	1	7	3	1	3	6	6	2	3	0	2
A[T>G]T	6	0	4	5	1	9	1	4	9	4	4	4	7	5	2	1	1	10	4	0	0	1	4	8	12	13	2	0	7	8	6	0	2	9	6	4	4	1	3	4	1	3	3	4	7	5	0	1
C[C>A]A	24	12	27	15	21	29	27	8	48	31	15	18	27	24	3	10	1	50	24	13	16	24	9	21	60	22	5	0	53	28	34	19	23	33	27	13	22	23	17	16	8	23	31	16	28	19	8	11
C[C>A]C	19	12	12	13	17	20	14	3	21	8	1	8	15	5	4	4	0	13	10	6	3	18	5	18	37	17	3	0	15	26	21	9	17	21	9	4	4	9	14	12	6	15	17	10	19	11	2	4
C[C>A]G	1	3	1	2	2	2	2	1	3	4	1	3	6	0	1	1	0	3	1	2	1	5	1	2	19	3	0	0	6	2	4	1	0	7	3	3	1	3	1	5	0	3	1	3	6	2	0	0
C[C>A]T	23	6	25	15	25	14	16	8	30	22	8	14	23	17	4	8	0	31	9	3	12	13	6	13	46	25	1	0	29	23	20	7	11	30	20	10	7	16	13	23	9	11	20	13	13	21	4	9
C[C>G]A	3	3	3	3	19	12	5	1	9	4	5	4	4	7	2	2	0	9	6	2	3	8	6	11	16	16	1	0	6	8	4	3	3	7	12	2	5	14	3	9	5	4	6	9	3	5	3	2
C[C>G]C	6	2	9	7	11	10	8	5	13	6	6	4	6	2	1	1	0	8	9	3	8	11	3	5	17	13	0	1	9	15	3	7	4	11	5	6	8	6	4	9	3	5	4	4	8	8	4	2
C[C>G]G	1	0	1	5	0	1	1	0	1	0	1	2	4	1	0	0	0	3	1	1	2	2	0	0	7	2	0	0	4	3	0	1	0	4	3	0	1	0	0	4	0	1	0	1	1	1	1	1
C[C>G]T	7	4	10	5	28	16	11	3	23	11	11	5	9	7	8	4	0	17	5	2	6	8	12	11	25	18	2	0	15	15	6	7	3	24	16	6	5	16	6	11	8	6	7	7	16	11	6	4
C[C>T]A	32	13	34	24	52	51	16	12	49	25	7	18	27	26	13	9	1	43	25	18	11	45	17	41	75	48	4	1	52	29	27	15	23	41	32	12	22	54	20	40	18	26	36	27	24	22	4	13
C[C>T]C	23	13	26	22	35	55	17	17	58	18	14	22	28	26	12	12	2	28	27	15	13	34	12	34	65	48	4	0	46	41	22	11	20	35	32	6	16	24	21	22	2	22	25	16	24	24	6	15
C[C>T]G	36	18	40	27	40	91	19	16	51	19	12	36	45	42	10	10	3	43	30	12	16	21	21	45	72	43	4	4	49	56	31	14	32	43	38	15	20	19	14	35	14	32	63	24	21	26	16	20
C[C>T]T	40	22	27	18	42	48	30	12	60	37	15	22	36	30	11	14	1	49	25	14	13	37	29	28	76	63	2	2	64	50	31	21	23	56	38	18	27	36	23	41	13	26	40	19	29	28	19	19
C[T>A]A	5	4	4	5	8	9	4	2	10	5	0	5	5	4	3	3	2	6	8	5	4	8	3	7	19	8	0	1	18	8	14	4	4	15	7	3	2	5	3	7	4	5	13	3	12	9	1	3
C[T>A]C	5	6	15	5	21	11	1	4	15	15	3	5	6	10	1	4	0	7	8	1	3	15	3	9	16	17	0	0	20	14	12	2	10	16	6	2	5	9	7	10	4	5	4	6	12	9	1	7
C[T>A]G	12	7	5	5	11	17	5	3	23	16	6	10	16	8	3	1	0	17	8	9	5	9	6	13	39	20	2	0	32	17	23	7	13	15	5	3	10	13	5	7	6	6	6	5	8	9	3	2
C[T>A]T	12	7	8	9	12	11	9	4	18	14	11	9	11	10	3	2	0	16	8	3	6	15	9	19	28	12	2	0	28	22	19	5	7	20	8	3	8	4	7	9	1	7	17	4	10	11	0	8
C[T>C]A	6	7	6	10	16	15	8	5	21	11	7	7	16	6	3	2	0	19	3	8	5	15	3	9	38	7	1	0	33	15	9	5	4	15	11	6	6	7	10	10	3	1	5	10	8	1	13	8
C[T>C]C	8	2	6	6	17	16	5	4	21	13	7	8	16	9	7	4	0	14	7	2	6	13	6	22	22	9	4	0	19	10	13	8	6	20	9	0	5	7	6	3	1	13	10	5	11	13	4	4
C[T>C]G	8	4	9	12	19	16	10	3	29	6	8	3	7	6	4	4	0	13	18	2	5	13	5	18	26	11	2	2	30	12	10	7	5	12	10	4	6	2	6	10	3	11	6	6	16	9	2	6
C[T>C]T	9	8	8	9	13	16	9	10	27	15	11	7	9	5	4	7	0	20	6	11	3	13	8	23	23	14	2	1	27	19	8	6	2	25	8	5	8	4	7	10	5	10	13	6	6	7	6	5
C[T>G]A	2	2	1	1	3	6	3	1	5	2	1	2	2	5	1	0	0	7	3	0	1	2	1	4	9	1	0	0	7	4	1	1	3	7	1	1	2	5	0	1	0	1	0	0	3	1	0	1
C[T>G]C	3	3	3	3	7	6	3	0	8	10	3	4	2	0	4	1	0	5	2	1	2	5	2	4	5	3	0	0	3	6	4	1	4	5	5	0	1	3	0	3	0	5	1	3	5	3	1	5
C[T>G]G	5	0	5	2	6	15	5	1	6	2	1	3	1	3	2	0	0	7	2	1	4	2	3	5	14	5	0	0	5	2	3	2	1	8	5	2	3	1	2	6	3	3	3	5	5	1	0	4
C[T>G]T	4	2	4	7	12	10	6	0	12	3	3	6	6	1	1	1	0	7	1	1	5	9	5	9	9	9	1	0	13	9	6	4	5	12	12	3	4	2	0	3	1	7	6	4	6	5	0	2
G[C>A]A	25	12	24	12	18	24	19	7	18	19	11	21	21	16	9	8	1	29	15	7	8	24	10	26	39	23	4	0	38	30	15	10	16	43	20	8	18	10	11	22	6	23	18	19	24	21	7	15
G[C>A]C	15	7	11	6	11	10	3	1	21	14	6	7	11	12	2	4	0	19	7	5	3	13	4	16	29	22	0	1	26	20	10	9	7	13	14	3	10	9	5	11	0	7	11	7	7	12	1	2
G[C>A]G	4	2	0	2	4	6	3	0	3	2	0	4	1	1	2	2	0	2	0	1	3	6	2	3	19	6	0	0	16	5	2	3	3	6	4	2	2	1	0	4	1	3	1	0	1	2	1	2
G[C>A]T	13	6	18	9	15	27	7	4	16	9	2	12	15	13	6	1	0	21	16	9	5	16	7	16	38	17	1	0	26	14	13	5	6	23	18	3	7	12	7	16	6	8	19	13	9	9	4	13
G[C>G]A	7	4	6	5	3	10	10	0	6	1	3	3	5	6	1	2	0	9	14	2	0	6	3	6	6	10	0	0	7	15	5	2	3	11	8	2	2	4	4	5	4	11	2	6	10	2	0	4
G[C>G]C	7	1	7	6	9	11	4	3	13	1	3	5	5	1	3	3	0	8	4	2	6	12	8	14	14	13	0	0	8	5	3	3	4	5	10	2	4	3	7	6	2	7	1	8	7	5	3	4
G[C>G]G	2	0	3	2	1	1	2	0	6	1	0	0	1	1	0	1	0	1	4	1	1	3	2	2	3	2	0	0	2	0	0	0	1	4	3	2	1	2	1	4	0	1	1	2	1	2	1	0
G[C>G]T	9	5	6	4	3	8	2	2	9	5	7	3	7	10	4	2	0	13	10	1	1	7	7	12	16	11	0	0	10	9	5	2	4	11	11	6	3	8	3	4	5	8	2	9	10	5	3	2
G[C>T]A	24	21	23	23	39	57	19	9	47	27	21	25	23	31	13	19	1	42	36	12	21	39	23	44	66	48	5	0	61	49	34	12	22	53	52	20	19	28	21	33	17	34	24	27	44	18	10	14
G[C>T]C	26	20	28	24	33	57	23	10	64	31	10	20	23	28	14	11	0	39	28	16	11	33	20	50	45	62	5	1	55	51	30	10	14	73	42	7	22	14	15	33	7	36	40	18	21	33	8	23
G[C>T]G	36	25	55	37	22	158	12	13	48	18	16	36	49	34	16	13	0	52	20	16	7	28	24	44	71	73	2	0	68	66	58	22	37	55	51	13	32	14	17	47	7	39	94	33	27	33	10	26
G[C>T]T	20	11	27	29	33	58	8	6	46	20	12	12	29	28	12	14	0	55	24	13	7	34	14	30	37	51	5	1	38	36	21	7	24	33	29	12	22	25	18	30	10	29	27	18	23	37	10	16
G[T>A]A	3	2	6	6	8	2	3	2	14	8	5	5	10	8	2	2	0	12	3	1	1	3	3	8	22	8	3	0	21	9	3	4	4	11	2	4	5	2	1	2	2	5	7	5	6	8	2	1
G[T>A]C	3	1	3	6	18	3	5	1	7	7	0	0	3	6	3	1	1	3	3	3	3	4	3	5	16	7	1	0	18	5	9	4	2	9	8	0	1	5	6	3	2	2	2	2	3	2	1	0
G[T>A]G	12	4	7	6	9	13	6	6	17	13	2	7	9	9	2	5	0	11	3	4	2	15	2	8	36	19	0	0	28	20	6	12	7	16	3	5	3	5	8	8	3	2	7	4	11	5	1	4
G[T>A]T	12	4	10	5	19	8	6	5	15	19	0	11	17	3	3	1	0	7	8	3	7	12	6	7	19	10	0	0	17	9	15	8	5	19	8	5	10	7	8	8	3	6	10	5	10	14	4	1
G[T>C]A	9	7	17	11	26	37	6	6	33	11	7	12	19	16	1	7	0	27	14	5	8	14	9	26	71	25	1	0	40	21	26	6	7	45	19	4	10	4	9	20	8	13	9	12	16	11	2	8
G[T>C]C	7	5	11	8	21	23	10	8	15	8	4	5	12	6	2	0	0	13	13	3	3	14	4	20	29	16	2	0	20	20	9	5	8	15	12	5	4	2	2	9	3	7	10	9	13	9	3	4
G[T>C]G	7	7	10	6	14	15	8	5	24	4	9	6	10	12	4	2	0	10	7	3	3	10	3	16	35	11	2	1	30	19	14	4	5	24	17	6	9	4	6	8	0	7	7	9	16	6	2	4
G[T>C]T	18	6	26	11	34	32	10	15	43	28	19	16	10	15	14	8	0	21	17	6	8	23	6	24	56	31	0	0	44	25	19	10	8	48	31	7	11	11	16	22	7	15	17	22	18	14	4	17
G[T>G]A	2	1	3	0	2	5	1	2	4	2	0	0	2	1	1	0	0	4	1	0	1	6	2	4	4	3	0	0	4	3	1	0	2	3	2	0	0	0	0	1	0	2	2	2	5	0	1	3
G[T>G]C	2	0	2	1	2	2	0	0	2	2	0	1	3	1	1	0	0	1	2	1	3	3	0	4	4	4	0	0	4	1	2	2	3	3	5	0	0	1	1	1	0	2	1	2	1	0	0	0
G[T>G]G	9	3	3	2	6	9	4	0	4	4	2	4	6	5	1	3	2	6	8	0	5	4	4	5	6	5	1	0	9	6	4	4	5	5	3	1	1	2	3	8	4	3	7	2	8	7	1	3
G[T>G]T	1	1	1	2	4	5	1	0	10	2	1	5	2	5	0	1	0	4	5	0	2	3	1	4	4	5	1	0	6	6	3	0	2	4	3	2	0	0	0	1	2	5	2	2	4	4	1	4
T[C>A]A	15	8	13	7	59	25	8	4	24	12	14	16	62	11	2	10	1	15	14	9	7	17	5	12	62	49	1	1	27	22	10	10	14	33	24	10	7	121	9	35	27	9	8	10	18	9	7	9
T[C>A]C	10	10	17	6	37	31	4	6	27	13	8	13	22	11	3	4	0	11	8	6	3	14	3	20	44	29	1	0	25	19	13	2	10	32	20	4	9	54	12	20	13	13	11	11	13	6	2	9
T[C>A]G	3	1	4	9	6	5	1	0	2	6	4	2	3	1	3	2	0	3	1	1	1	1	0	2	10	9	0	0	7	4	4	1	0	5	5	0	3	2	2	3	1	1	1	1	4	5	2	2
T[C>A]T	17	16	19	10	36	41	11	9	24	19	13	21	35	12	12	10	0	18	18	9	10	17	6	22	53	35	3	1	35	28	26	10	22	26	14	13	10	68	9	32	17	13	17	14	10	16	3	13
T[C>G]A	7	10	13	3	263	11	3	4	18	16	10	7	135	10	11	22	0	10	14	4	5	12	5	6	115	128	0	0	13	21	4	10	24	37	10	6	7	408	5	111	103	6	6	5	8	9	5	5
T[C>G]C	12	10	15	4	56	12	9	3	21	8	5	6	31	11	6	8	0	10	14	5	6	8	7	16	48	32	2	0	11	17	11	11	12	20	19	6	13	98	9	32	32	11	11	13	13	5	6	6
T[C>G]G	0	0	1	2	18	2	1	1	3	1	1	1	1	2	2	1	0	3	2	0	1	1	0	2	9	6	1	0	3	2	0	2	0	3	3	1	1	13	1	3	3	2	1	1	3	1	0	1
T[C>G]T	14	19	19	9	281	36	15	7	30	14	16	12	196	10	15	41	0	29	20	9	13	8	12	25	115	171	2	0	37	44	18	12	28	47	33	12	16	597	19	132	154	9	8	26	17	10	7	12
T[C>T]A	34	27	32	22	367	52	24	14	64	33	29	31	211	24	22	90	0	36	24	16	12	37	16	35	230	256	4	1	65	57	44	25	81	82	38	13	29	996	19	286	146	26	35	32	25	29	8	11
T[C>T]C	28	27	47	29	112	76	24	20	83	34	15	22	84	31	14	40	0	39	27	14	18	46	20	53	111	94	5	1	67	63	41	16	41	73	45	15	20	206	25	78	34	31	39	32	17	36	4	29
T[C>T]G	30	25	29	25	50	77	27	18	29	22	12	36	45	32	14	24	1	28	11	19	7	35	11	47	57	51	5	2	44	33	25	14	43	31	27	17	25	79	23	80	17	22	50	19	31	31	5	20
T[C>T]T	23	14	27	17	186	46	14	20	58	34	21	18	111	27	11	50	3	33	26	17	14	31	14	39	137	115	7	0	50	61	29	19	41	69	37	13	18	439	14	138	68	16	34	18	16	27	11	10
T[T>A]A	9	11	12	9	15	20	6	3	19	14	4	13	13	9	4	8	2	16	4	2	8	10	6	20	26	15	4	2	17	12	15	7	8	21	16	4	2	6	11	13	4	7	11	5	10	5	2	4
T[T>A]C	11	7	10	4	16	14	6	1	17	10	2	3	8	4	5	0	0	8	8	2	3	12	2	12	12	7	0	0	12	12	14	2	7	12	9	5	3	3	7	2	0	6	4	2	7	6	2	4
T[T>A]G	10	4	3	6	10	10	2	6	14	9	5	5	14	8	0	2	0	10	4	1	0	8	4	5	28	3	1	0	10	7	9	1	4	10	3	3	3	4	7	5	2	11	7	2	1	0	0	4
T[T>A]T	11	2	16	10	28	11	18	8	31	21	6	14	14	14	5	4	0	25	4	10	9	20	10	20	42	18	1	0	35	23	21	6	11	38	15	7	10	4	4	13	6	10	15	5	13	16	4	8
T[T>C]A	14	10	15	10	23	31	9	10	31	17	7	15	18	10	6	6	0	21	14	8	12	18	6	22	58	20	4	0	42	19	16	14	6	33	17	5	11	9	11	15	3	10	8	10	15	12	4	8
T[T>C]C	2	5	10	5	18	21	5	8	15	7	4	7	10	8	5	3	1	20	6	2	2	8	6	24	30	14	1	0	14	15	12	4	6	20	12	7	10	5	9	4	4	11	9	3	11	4	2	9
T[T>C]G	3	4	5	4	20	9	8	1	26	6	7	6	8	9	1	2	1	12	11	3	5	5	5	9	20	20	0	0	24	9	11	7	5	18	10	1	6	4	7	11	2	8	4	5	9	4	1	3
T[T>C]T	12	8	12	17	43	35	11	7	32	13	13	10	19	15	10	4	1	30	20	6	7	27	11	36	55	26	3	3	49	28	24	9	14	29	17	14	11	15	10	18	6	21	16	11	15	10	5	9
T[T>G]A	4	2	5	1	5	5	3	0	7	10	3	4	4	5	1	2	0	5	5	0	0	8	4	3	15	7	0	0	6	9	3	0	1	12	7	3	2	3	4	3	1	1	4	3	6	5	3	1
T[T>G]C	1	1	4	3	4	5	3	0	8	3	2	4	1	3	2	0	0	6	6	1	1	7	1	6	8	10	0	0	4	5	4	2	3	5	4	1	5	0	1	5	1	5	2	3	7	0	3	4
T[T>G]G	5	3	2	3	7	6	4	2	6	4	0	3	9	4	0	4	2	8	1	2	2	1	0	6	14	5	0	0	7	5	12	2	6	4	1	5	1	1	1	5	0	3	3	5	4	8	2	1
T[T>G]T	7	3	8	3	15	25	7	0	22	11	7	14	11	11	3	3	2	11	10	8	9	19	11	19	18	15	2	1	19	16	12	4	9	29	18	2	3	8	3	7	2	11	10	6	3	9	1	12
